13.038933
13.691876
14.410335
15.418012
13.501017
16.143172
12.838226
16.813281
22.089268
12.266407
16.751328
15.716335
13.103059
13.440247
13.283233
17.609639
16.449241
18.651986
10.713816
16.553980
14.769524
13.604273
13.794756
23.118154
16.298054
21.381098
17.049561
12.709890
12.531290
18.192711
16.151590
16.084451
15.900950
19.481403
10.686433
13.704131
15.378208
16.995747
18.170361
15.442671
13.878801
15.196290
17.950220
17.486604
9.923824
18.049200
11.901369
13.221048
15.798800
16.552603
16.133075
14.596046
13.516312
16.275836
13.838980
17.558943
19.264930
13.519388
13.734889
21.862232
12.273020
13.378047
19.604723
13.004196
16.828707
9.641884
17.545021
15.802240
15.721736
13.128231
13.442535
15.452141
14.882966
15.508209
12.646989
15.937052
16.206664
10.982389
17.575206
10.842239
14.177641
19.142659
11.786357
16.490837
11.933034
18.370157
10.690250
16.915909
19.855243
21.135131
10.106018
12.160033
18.823499
16.794244
14.484337
15.610408
17.369641
15.833959
13.378112
17.862950
14.203552
17.060042
12.638342
13.870856
12.006120
19.313936
18.236696
11.585816
6.840143
16.279940
17.586375
21.380273
11.028608
12.952453
18.050913
12.952455
14.476315
11.960215
17.649276
12.560386
17.080107
11.211845
17.554002
10.118698
16.356251
11.237097
18.373666
16.119953
17.765416
17.508067
12.918636
18.291083
12.779764
17.862366
11.789284
11.747164
17.368201
17.825639
13.076237
19.948920
15.294800
13.068365
10.436217
13.278032
22.835845
15.269153
16.847677
14.890806
17.351181
15.272334
14.069555
10.845554
14.747397
14.219352
13.577453
14.655631
15.454307
19.806347
11.225360
8.796571
15.814898
17.037676
18.881568
13.610338
14.596171
18.268135
10.801229
16.123804
13.076846
17.350407
18.873544
14.286938
16.667584
20.451069
16.071510
11.867038
13.937037
13.617668
10.702778
17.012476
14.473005
11.439330
13.545979
19.158925
18.936198
19.394557
13.836683
18.402677
18.198351
18.469952
16.458144
21.106358
13.863984
17.316335
10.376999
15.918439
16.362815
9.716299
17.453066
16.617601
12.672407
16.958420
17.687319
13.638286
24.857315
16.998847
14.965531
15.308012
14.258757
18.389303
16.712141
13.928553
9.782007
12.081720
13.269772
12.601819
11.382456
9.323717
11.111637
11.184769
20.166885
19.849189
11.155500
12.005521
14.949353
16.861026
11.315774
13.537893
16.358036
20.204522
13.278186
15.051750
15.415941
20.997021
13.786615
14.844871
19.961449
20.073731
11.379485
18.005561
17.450718
17.693045
13.973256
15.702659
11.183276
17.291321
11.905278
14.605703
10.161549
14.844811
16.267872
17.000815
15.099468
12.686104
15.454490
19.754978
17.253737
14.816949
15.481883
12.458441
15.671589
14.817032
12.826620
16.992126
12.180350
14.883442
15.964924
11.972091
8.552729
14.963795
14.302521
16.015096
9.704949
11.263260
11.585770
16.659155
11.441940
16.721762
16.814283
15.767363
10.476346
19.964000
19.274542
13.771497
17.302974
7.452756
18.648915
16.714215
15.901858
16.816602
14.591550
14.613436
12.844192
15.485289
8.236027
13.948154
14.442818
15.827656
12.840933
6.526431
21.053222
12.911929
14.289218
15.936186
16.176007
11.792706
13.303914
10.590409
13.522676
12.163762
13.688118
14.247037
20.887563
16.714712
15.695078
14.522460
12.959592
13.342510
16.132599
15.201090
13.449476
7.617647
12.101703
13.967188
13.983906
14.917091
16.876553
14.968590
16.520214
20.417375
12.395225
14.380934
14.463154
15.420961
14.699975
9.760120
18.072434
14.198535
11.779731
14.943450
19.501540
15.309888
11.026485
13.047803
9.756254
17.290781
18.129098
8.395809
15.498507
20.492446
14.723832
14.305054
16.659653
14.099225
10.451355
15.563540
11.670125
22.638447
12.348846
15.831475
16.096735
15.984288
10.426213
17.378794
15.903808
19.640930
14.949625
13.534281
12.761742
17.451433
17.484268
12.247589
14.891680
14.393757
12.945536
17.565439
10.753623
9.088149
12.019783
13.860924
11.710865
13.533266
15.515281
9.060961
16.588208
13.673262
14.890734
15.188989
13.797335
16.503049
9.263226
14.627577
13.461580
16.141200
15.416630
12.288330
14.558732
16.657933
18.720894
22.873073
15.734037
17.113223
13.202029
16.248078
15.035888
14.461405
16.265092
15.507572
16.344209
16.216052
12.914572
16.029271
12.279854
12.343879
12.590853
18.875090
17.456378
14.741198
14.004689
19.002206
17.559983
16.507992
18.294787
12.595249
17.171436
18.707387
14.513956
14.816226
15.829718
13.285983
11.767143
14.652756
16.711118
13.769917
10.246180
14.573055
9.050509
17.002357
16.443297
12.644608
14.289861
23.330144
14.864602
19.318428
17.733013
16.639643
14.559148
21.057546
14.869438
11.018481
16.865300
10.439029
15.301423
9.999593
17.392027
11.874920
18.098264
15.355160
16.482299
12.261826
17.173174
18.538240
8.848904
13.812156
15.525745
11.500781
12.729111
9.692311
12.294111
15.439500
12.764410
12.595081
11.117663
10.968962
17.000542
7.532787
16.649777
16.097958
13.663197
15.416954
14.765393
10.425878
18.358987
12.137144
14.198056
12.889295
9.811088
19.493838
16.681828
12.069408
18.096448
10.922271
15.899761
16.175067
16.125096
18.309025
13.303596
20.759318
17.030155
15.766135
17.555170
14.126608
13.494552
18.901854
11.582918
17.762115
17.260674
14.351356
12.217332
15.927151
15.510796
9.775532
13.709617
22.233136
25.610282
9.473085
8.437538
16.374133
18.987740
13.708128
15.009855
11.827552
15.937348
16.306101
20.303557
14.579915
15.306459
19.746962
16.219963
15.329829
12.667275
18.425737
11.102843
18.684819
12.623802
16.285912
15.106362
13.280987
10.643796
11.543390
11.400515
15.578659
15.957145
14.373476
17.982929
18.974475
15.130160
16.068091
10.224665
20.644564
18.508456
15.342837
20.188037
19.119333
12.910867
16.782252
9.798926
14.529097
16.849467
14.635121
17.260115
16.076370
16.413599
14.457459
15.063963
17.795643
20.230788
21.495775
12.460130
14.222919
11.659743
15.951368
14.157773
24.805128
14.237013
15.356380
16.376946
17.027366
7.892947
10.630821
15.708238
14.549406
18.270277
12.159414
9.767837
18.048488
14.395887
12.654496
13.114857
15.556716
10.711617
18.003932
13.366619
10.226906
16.713404
9.032350
12.055402
15.812748
8.658485
11.702871
12.699954
17.657055
11.987967
20.405128
9.460933
12.293532
15.344749
12.550868
12.523703
20.272120
13.388029
18.751882
20.384511
19.478503
13.788306
13.901231
17.223414
19.493360
17.377804
12.805138
21.465070
16.256372
12.338474
11.386446
21.308513
22.854837
9.398213
13.707338
11.711847
15.981471
11.304760
14.373241
14.938521
16.639924
12.583551
15.993372
15.309626
10.440824
9.919224
10.280552
13.833115
17.365753
22.739502
13.955825
8.445466
14.186648
15.040618
13.514432
15.478183
20.850870
17.667672
10.438125
15.627966
18.489961
13.396179
17.554666
13.231904
10.901451
14.175037
19.866126
15.823068
9.005188
13.915979
12.256853
14.226557
16.116941
12.436093
14.967124
20.417488
14.563062
16.026578
13.894747
17.528109
14.159832
14.068530
11.673719
13.868871
12.875343
12.164209
12.721311
12.744634
16.403797
10.368255
11.886651
13.183287
14.951167
16.702824
13.667580
16.718054
16.972852
15.287552
12.191340
16.494358
12.784727
13.235255
18.834986
13.120786
17.558143
9.676600
16.251217
15.200898
10.096289
13.871233
11.618378
15.465174
15.950400
15.395796
16.840865
13.611568
13.656097
16.716339
16.159644
14.608815
16.352760
13.935806
16.843710
18.683210
12.685175
14.598597
17.349253
18.506131
16.866441
17.212646
13.946939
17.788069
15.954882
21.646788
15.627731
20.849277
8.914613
14.885998
17.109117
16.849177
12.082538
15.274730
10.463081
11.702166
22.445804
15.831384
15.649519
17.474576
16.387349
15.386628
14.944054
16.216034
9.468741
16.675635
16.698254
15.956061
16.319546
7.525055
13.708406
12.262619
13.105454
12.186819
14.145715
14.431500
17.324453
18.112226
15.964644
22.358154
15.877874
15.603599
14.757375
18.965254
15.481852
12.393008
16.590455
15.522370
19.628302
12.480349
13.747258
14.644801
16.540764
12.761963
18.346850
11.765571
14.957658
10.946209
19.518777
13.414142
13.110675
14.624075
13.433357
14.609790
13.468564
15.409367
7.802949
14.715220
9.807690
15.626747
14.304477
17.086485
13.208495
15.677355
12.891192
14.635531
15.106135
19.382586
15.067824
14.472134
15.095596
16.624216
14.693131
11.775846
16.049780
16.575102
16.199427
17.914133
8.322178
19.675935
15.723415
16.408660
7.809315
19.791070
13.903434
11.993561
13.822223
9.612712
11.001470
8.861192
11.913452
13.763999
15.631990
12.482833
12.262597
13.495448
17.149383
12.648184
19.382205
14.853113
15.405008
9.843950
18.466930
13.670391
10.555627
18.619371
18.952133
14.866790
17.254894
14.967093
22.197046
15.897561
12.979374
18.599825
17.044514
15.155727
13.747544
15.542280
11.619163
17.197209
17.352326
15.785472
16.622744
11.773196
16.986991
15.325763
20.484551
12.483245
18.262499
10.663316
11.576875
11.829310
16.272065
14.817040
15.886018
15.710416
15.050071
14.992031
20.963134
20.242345
14.307165
18.502014
11.244981
17.530850
14.111005
16.698281
19.700237
16.035052
12.566294
13.627552
9.313303
18.539222
15.065790
10.144860
15.412410
19.091057
10.797576
19.128508
15.858616
9.927334
15.749187
11.342421
13.400445
13.772480
10.420570
8.765814
13.482799
12.234540
13.148183
9.144004
16.418555
11.928430
18.521943
13.960902
15.466685
15.334077
18.658825
13.069809
15.261807
17.537096
15.043033
20.419374
13.954534
15.043513
12.943048
12.207229
11.758464
14.239803
11.912131
15.459668
17.072790
11.139510
11.640100
16.899913
17.819835
14.492025
16.702819
19.384669
10.553678
20.207574
15.678008
13.413491
22.442392
18.486277
18.898119
16.682353
12.328985
15.336533
16.325684
10.874787
14.335703
14.460993
15.150108
18.104446
14.279693
16.392994
10.028390
15.468485
13.665508
11.295823
14.603243
9.734844
13.334740
16.837971
10.228281
17.425496
12.581684
13.380687
17.855840
13.382699
15.634763
16.190679
11.102601
17.608706
14.754538
19.427314
12.651631
15.648019
12.987929
16.382139
16.612075
12.576112
13.225844
15.264793
16.768293
13.968806
13.521133
16.012700
18.391006
14.418458
16.172275
15.042128
16.971705
17.354364
12.413335
14.411753
8.689369
15.956815
11.509503
12.071863
11.965441
12.918493
14.481367
15.117922
16.896436
10.345294
12.728094
14.034776
10.864276
15.384216
10.009762
15.452106
18.248826
17.999916
13.964126
14.324405
17.973999
10.891241
15.782244
13.760391
13.671561
12.950192
20.570860
13.883096
13.779365
13.076667
12.474865
8.778539
18.833873
15.136112
14.865784
7.370802
14.023266
13.096232
19.152242
14.554164
10.645090
20.668063
18.135052
16.770840
13.281827
17.597289
17.008517
11.185507
13.232179
14.550636
12.248878
12.844265
16.996169
14.889379
11.848825
18.936391
15.199092
18.482831
14.501337
18.324249
10.717124
21.846339
17.630230
12.999065
13.330527
21.643741
15.151965
11.744825
11.424408
15.938661
13.743683
13.037230
12.864129
19.702736
19.654586
13.449558
19.391916
14.087101
15.288393
10.668228
13.409988
15.371717
17.383813
21.676011
17.665471
16.651951
9.648484
16.426261
12.218234
17.013881
18.036062
16.957029
16.468700
10.769658
17.283954
16.524336
17.728223
13.539074
10.721909
11.796106
16.676489
14.525990
17.713986
16.525585
12.821683
10.650224
16.192773
12.883423
16.813619
19.174185
13.463050
19.659474
20.309874
20.281218
11.689096
11.319257
17.371248
18.748264
11.794931
9.533264
13.109861
12.421097
14.334808
13.914951
16.355292
13.433184
12.097219
15.375226
15.357125
15.527990
11.388562
13.549914
18.969166
16.490062
14.936950
14.610077
11.036862
15.579377
20.029636
15.096564
12.004212
11.470100
13.601654
16.463799
15.531736
14.780986
16.074168
16.127898
17.165390
14.627629
14.608180
14.395489
19.856673
19.029584
18.551021
18.165773
14.080983
18.630841
9.883469
13.357783
16.469743
22.098308
18.588409
13.993089
16.523932
17.828683
14.809303
11.365922
8.857945
20.240299
15.789930
14.355316
19.581683
11.579654
12.055234
11.782127
7.313614
8.927162
10.228981
12.997229
17.167365
17.931122
12.366078
12.886789
12.026507
17.011383
15.247256
20.496481
12.983034
17.676390
13.050917
14.179906
12.627464
17.752383
16.946605
15.554875
13.593895
12.738908
18.311505
19.018649
19.134989
12.996472
22.109111
17.305126
17.727335
14.739424
15.656040
14.876524
15.861595
21.427407
12.403759
16.689037
12.533364
17.840533
16.083542
13.328032
11.559963
13.517948
15.704302
13.106417
11.012514
18.698296
15.634392
16.684868
19.111921
11.370350
18.308560
11.223715
9.858488
16.577761
18.570603
8.668414
10.811860
12.061271
9.158388
19.791373
17.199733
12.241195
13.841389
10.160396
17.836149
14.184953
15.261234
12.683345
11.713102
11.967466
17.847445
10.366658
18.609614
10.950988
17.371281
15.111245
10.947698
18.086129
10.208016
9.397654
6.926910
11.953580
9.185197
11.282254
13.917362
17.274487
12.019992
21.764974
16.912079
15.151969
12.911587
20.098613
18.374009
10.945172
8.089899
18.723491
18.477804
12.504838
17.739683
14.011443
15.517127
18.894287
12.364465
8.839946
16.229256
10.027157
13.752615
14.156934
17.873000
11.355711
17.796003
13.177666
15.231675
12.756113
13.527817
17.183430
16.610716
10.605146
21.924392
22.641935
10.541988
17.501993
19.374191
13.730552
14.860761
12.926138
15.947048
21.648071
10.433583
17.455386
14.697640
13.474814
11.005776
10.269275
6.001462
11.917705
23.070521
12.336223
14.937210
13.346448
15.209921
9.951779
18.610837
17.852367
11.671824
8.026053
18.531642
18.345023
16.532603
14.148595
10.995151
17.790695
13.502584
16.909517
16.770717
8.491505
22.191542
16.634772
12.300060
14.542556
13.614689
13.896030
10.725339
17.810130
16.222283
17.679395
13.201145
14.695265
18.218810
13.382126
11.081053
19.436741
14.375166
18.059007
15.722707
19.209117
11.715306
14.848026
17.393020
13.568476
11.507605
15.950349
20.338513
12.656329
16.036945
13.529981
19.127174
15.242963
11.463026
14.366877
9.561625
14.619735
19.028832
15.049439
12.956857
12.913529
12.791699
15.897248
11.273533
12.010498
18.495592
15.959603
13.482765
11.670820
16.603104
10.637149
20.107623
13.834473
18.446194
11.220897
19.088735
14.605242
15.559457
17.429760
20.081205
9.977588
14.330799
18.818485
11.639652
21.689237
13.106341
9.934553
18.956338
12.617502
12.382288
8.576141
8.792518
18.730749
13.262274
11.641857
16.932990
13.954117
17.810042
13.777947
19.331197
15.422007
17.406283
19.162310
19.841112
15.618863
15.553113
9.739027
18.135143
12.413124
15.065238
18.144187
13.919347
17.069928
14.775049
15.199121
16.827783
17.789554
13.952452
21.181001
9.959718
12.533969
11.483889
20.727386
22.077195
9.926343
20.215439
13.321568
17.658219
15.068559
13.518777
15.786367
16.399214
11.354607
16.547464
14.623392
16.249067
16.811676
12.311260
11.759406
12.622346
9.729480
15.565706
21.155362
11.615946
19.718785
15.956177
12.530419
19.831309
20.507147
13.336495
16.662501
15.149299
17.080989
12.449813
17.979841
17.421600
13.528066
22.309813
17.221609
11.172842
15.127960
20.056705
19.302632
12.976628
16.480272
16.943950
16.527865
19.099549
11.576140
8.698075
14.898265
14.597598
17.306349
14.826279
19.025660
11.083863
14.819281
16.733876
14.752988
18.861485
10.257239
17.825658
14.699207
13.045541
12.704712
14.731224
17.897220
15.505798
14.231802
15.787024
20.287075
12.149633
18.106275
14.153479
14.891737
12.474078
14.429754
18.129070
13.953823
14.976804
15.886358
16.774228
16.496464
15.012206
13.746781
18.300077
15.885013
5.713962
14.706862
18.857601
15.359341
16.525376
18.314413
15.252284
20.664777
12.968457
15.558775
15.563031
12.694940
18.889803
11.802092
15.620473
22.949052
9.780571
12.932484
12.882013
10.457635
15.281084
16.571515
13.450410
16.528224
13.353073
13.617689
12.052406
14.928200
14.142272
14.104223
16.526223
16.548383
17.664195
14.827953
15.915139
16.161103
16.691689
15.826257
15.078117
16.848742
16.473410
19.961847
12.256073
16.072087
14.095878
17.029656
9.789775
18.210270
12.664485
16.916473
11.587379
6.026746
13.902718
15.705498
8.591075
12.672847
12.987321
14.051409
15.307816
14.234688
8.504989
13.772236
11.632467
15.040808
14.812969
13.462821
10.661016
15.439244
17.119955
12.032962
14.636873
16.009019
16.392885
17.816842
11.700544
8.139103
14.654572
16.962712
18.951989
17.373710
11.964404
16.599175
19.934418
19.077184
14.965699
18.914049
12.229651
10.305209
15.915561
18.857215
14.546810
14.238352
16.041559
16.082080
18.849848
15.645124
16.065293
17.672283
19.583316
14.168329
14.521894
16.648095
8.872923
10.315668
16.883994
18.271011
13.341394
18.051765
11.585876
17.017437
13.637464
14.078994
15.662226
17.036572
14.137579
21.826573
11.621421
14.317573
12.742950
15.812261
16.587962
15.914125
11.087122
16.533101
17.321370
17.013830
12.255159
15.791528
13.535375
5.490078
19.615422
12.074528
13.476421
12.501144
20.465672
17.424407
14.575290
17.344147
11.910282
19.199266
13.344588
10.231639
16.331238
11.896983
16.506445
16.393458
14.359145
17.493025
19.357971
11.305797
12.956357
19.546036
12.320437
17.127299
13.355432
17.273387
14.151424
15.024156
18.416761
16.171449
17.667686
16.159381
14.660448
10.624360
17.274436
13.371191
8.347930
15.634351
21.317246
21.088478
12.710337
16.391521
13.535294
12.767268
14.105900
18.656301
12.855414
15.449966
17.298905
15.850325
17.053984
21.444837
9.272899
11.366784
20.757032
11.095132
9.764887
11.884548
15.907263
17.151335
11.492624
13.863956
17.927456
9.498013
9.576280
12.267371
21.460190
9.131258
11.778856
15.285218
16.130643
9.377297
13.461612
13.908770
13.244879
12.583391
15.093751
13.841055
15.904313
14.024404
13.560491
11.273196
13.171269
12.457488
12.809978
11.136244
12.974109
13.339039
15.065391
20.541009
21.587028
12.930046
18.000209
10.454959
16.549717
14.824074
16.499758
17.697964
10.446897
21.198027
12.513776
18.962541
18.263650
16.802011
18.266900
12.030871
8.245708
15.412793
7.356877
19.328628
14.791686
7.754511
9.974001
17.174660
16.320961
14.608654
9.603595
10.352352
12.292357
9.986406
14.788324
14.290170
14.566526
9.758362
18.725503
19.964466
16.270765
10.708546
11.614001
17.527413
5.268093
13.034807
12.079038
14.238172
16.401833
15.919069
14.877525
17.608124
17.329440
22.015169
21.299037
10.556864
14.606218
14.481270
10.961968
10.105855
15.736686
20.568129
14.424545
13.582663
19.363582
14.342951
12.916210
16.070030
8.368279
19.368871
16.446766
14.724682
17.579377
12.348560
18.486507
15.598351
14.124265
15.859538
14.825686
20.560321
19.160688
13.416736
14.221553
11.865611
20.971348
17.107285
17.526027
16.520599
16.196309
18.080577
16.410771
12.926243
15.752348
16.241475
17.480240
17.696960
10.683338
10.838824
11.777223
15.353755
13.879903
18.763680
11.562161
16.352658
15.797438
14.145923
13.880048
17.266723
21.868149
20.832453
21.501989
16.881910
15.385198
16.351582
14.969356
11.169876
17.404089
16.515040
19.397260
13.077155
19.264040
9.665032
16.238157
15.293304
18.606551
14.815872
14.844747
14.791968
17.462942
18.705501
10.375786
18.983736
15.945021
16.880239
11.776808
15.148061
16.900893
13.063301
18.949489
13.993650
17.280417
17.044065
15.864260
15.076771
16.734564
8.272495
11.898885
17.429639
15.248404
9.560670
13.172457
10.560724
8.799359
12.264910
14.792479
15.174062
12.669246
15.340280
17.159306
11.146028
14.663262
13.680080
15.769430
12.298852
13.179185
12.193086
15.855795
14.229738
13.252761
19.570915
14.917634
19.679357
17.919811
21.476756
15.445805
15.397493
12.253311
14.467462
11.768467
20.333549
19.062816
11.605402
13.410683
15.655246
11.235960
10.859081
14.473195
15.411571
17.381723
15.608137
8.028409
13.601649
17.973763
18.030640
15.720546
12.277014
14.863306
14.273961
12.163307
16.158088
12.496368
12.806418
18.244056
14.623555
13.788690
14.215400
13.453168
10.333284
13.606098
13.813710
16.734616
11.348161
11.387250
14.712383
10.034101
15.546408
11.266291
6.919671
15.606082
18.064170
17.272207
14.074274
12.370987
17.464368
12.991266
12.082111
16.754369
16.393623
16.262631
12.160203
13.774467
17.951172
14.045164
13.926934
15.061598
16.543510
10.439167
14.205149
16.118962
19.715280
13.391718
16.240574
13.193470
13.512941
12.031524
13.868993
8.418950
12.088108
15.603325
12.019807
12.001957
10.814022
20.685055
11.812231
11.110380
10.894929
13.063830
12.651511
13.262563
15.715522
19.341455
15.617913
18.233580
12.855230
15.721709
13.600014
17.886941
17.417699
19.408383
14.369846
15.879843
14.845624
15.977358
19.727001
8.731187
10.863097
21.416141
13.038544
20.307332
14.687539
16.165918
19.739800
14.437638
13.916339
18.358426
13.904600
17.775719
16.014160
15.260734
16.330902
17.207536
18.322679
19.079686
15.205883
14.760104
18.688308
18.462616
10.206344
16.237983
12.486015
11.871201
17.688354
17.771329
13.153973
9.907426
15.400517
14.074012
13.788750
16.377946
11.516176
10.370208
19.092241
16.794448
9.986629
12.514584
15.176302
15.055647
10.292444
19.016800
13.812610
17.229494
20.761959
19.831233
9.600837
10.304017
13.792133
13.397819
11.199538
17.079606
15.822011
13.966710
20.856227
14.829891
17.653188
14.177668
15.563064
15.146169
13.941131
17.239215
11.060871
14.213094
15.150168
13.695167
6.963922
16.766546
11.792775
17.582102
15.845471
8.668594
12.477568
13.838968
12.203936
13.396774
12.481780
11.066867
16.471069
13.535091
13.547676
12.705123
14.384010
19.523430
19.089881
19.637512
12.893315
17.414032
21.064190
15.330138
16.728025
17.118793
9.760377
17.164336
15.076229
18.105641
16.146807
18.604615
14.998392
13.593895
14.567235
10.452278
11.316329
11.335695
12.974294
12.796378
17.718924
9.933819
19.408105
19.662107
8.295584
17.680255
16.374157
13.745305
15.225499
17.685316
12.096239
15.486495
16.589145
11.999146
19.326964
11.956219
16.937237
18.397772
9.551312
13.259243
16.329901
14.977568
13.306018
16.670184
16.614290
14.888407
16.228836
16.666868
12.991355
18.405876
18.825678
9.418818
20.414122
15.982397
13.224639
7.458611
14.563745
12.721507
15.309620
17.185688
19.697296
13.720411
14.543201
15.347138
20.714862
11.053850
18.081753
12.486444
14.195945
14.764021
18.034622
16.498622
15.747863
11.863516
14.209358
16.037645
15.429219
15.739981
11.721681
10.313765
13.592874
14.620100
15.512842
22.259816
22.901018
13.892132
19.023571
10.645429
19.011952
12.272980
16.534998
13.158507
15.314129
14.147761
12.694942
14.075903
9.562531
11.834890
10.450621
6.958841
19.613700
13.043062
15.861298
12.734786
14.847968
13.904187
16.374788
12.503525
10.552939
12.789321
7.785683
11.719479
17.209479
15.459514
20.527276
17.507323
17.052527
13.363142
10.027699
12.807653
15.325541
15.435569
11.612931
11.872426
24.280132
20.162794
18.289716
14.397192
17.509282
5.945952
19.598964
12.300435
13.502744
17.279523
15.992483
18.694067
13.633330
18.418966
11.065100
17.720172
6.802363
14.957570
18.464934
12.923713
14.043390
17.438476
13.554411
12.360273
15.277840
15.578754
13.689500
14.572595
5.303713
13.880330
16.195955
15.988199
16.624330
12.847072
13.541452
13.509669
14.844151
16.631966
15.916946
17.892924
5.004908
16.423001
18.632144
7.427970
13.124484
11.623603
13.649096
11.015498
19.566019
15.017327
18.094884
19.162301
16.057808
19.486600
15.764935
19.035478
13.034074
18.624540
16.274879
14.567741
17.736029
17.474005
11.698830
23.306991
19.604840
12.916114
17.891669
12.832852
14.099635
16.471027
13.427357
14.518208
13.007375
12.973903
15.775344
13.625519
15.142860
14.179829
15.974456
14.427252
9.625370
16.881511
12.183580
18.791911
18.457825
14.832581
13.704861
12.250636
10.116987
13.785915
12.612514
17.249755
16.552885
17.759548
13.302525
12.907244
11.684021
14.222094
11.878007
13.187170
11.325685
13.461021
15.198726
13.669866
17.843167
11.223457
12.523375
13.554335
14.546557
15.278587
11.910426
18.706366
20.798471
16.925150
14.238117
13.779215
16.913476
22.635107
13.855441
11.640211
9.894023
16.239857
16.286542
11.369620
9.865589
17.513330
18.849686
12.111037
15.139346
14.088681
16.146859
15.280092
18.306887
13.598701
12.948937
12.561967
17.600594
17.250800
18.417213
11.143257
19.570445
13.808424
14.587336
19.339229
18.383991
11.149101
14.722532
18.594076
18.549471
13.951230
14.408834
13.776719
18.271288
7.168365
19.435680
11.962521
15.374125
14.559783
9.288765
16.306401
9.659574
19.118323
13.972036
12.909252
12.017722
19.911208
11.596743
20.741094
15.824374
14.076318
14.531081
14.558696
14.224239
9.838772
16.763710
11.087787
13.016405
15.110383
16.342266
17.225277
20.073771
14.631150
8.683885
11.150814
17.524304
18.008616
13.303138
17.677580
13.271280
16.388799
14.654557
15.742782
18.366277
11.972580
17.598622
10.329381
12.224266
16.306922
13.750953
17.641479
13.081021
17.228632
13.509961
19.756723
12.100406
21.054997
18.905058
15.980882
11.019833
7.970023
17.222843
16.926309
11.780295
17.356630
13.445991
11.545066
15.967976
18.734238
11.761771
13.831522
7.692258
12.969810
14.105558
9.269085
18.625488
19.528112
11.855409
20.430705
12.499219
15.107338
9.222119
10.944945
16.877933
15.963683
18.954749
16.489381
13.786325
16.255779
17.474948
16.876568
14.760496
18.833425
12.812981
18.817383
11.943334
14.626367
14.681482
14.032410
22.532868
18.987889
15.101984
13.462749
16.152366
12.636642
10.150731
14.796364
19.103961
11.821373
15.101539
16.888430
21.637957
14.826669
13.269273
7.600983
13.179395
16.636874
14.887853
17.317735
11.735979
15.104614
13.982171
11.049477
12.952787
14.431139
17.270863
17.097389
16.737144
12.516214
14.412569
11.105000
14.320867
12.777182
13.170375
17.020066
9.260521
13.088291
15.128084
10.274160
17.528178
16.275896
17.801314
16.181326
16.554271
16.740616
18.844207
18.729006
10.220563
12.836313
13.001244
15.376470
16.507977
17.607673
18.324013
10.734407
16.785732
13.619536
19.811764
12.253552
13.244535
10.463429
17.184537
20.566726
15.834687
16.121646
14.167876
12.669841
14.628062
14.414279
13.152599
10.997056
16.230888
19.481756
15.999124
9.867014
18.793867
19.272612
17.115608
22.815610
11.651536
15.972118
9.918045
14.120781
10.839320
14.605051
19.616031
14.841014
16.447679
13.620186
14.421062
13.894769
18.574095
20.158016
15.565945
9.531424
17.851256
20.448984
16.067543
19.808047
15.053739
7.341454
12.035378
20.498119
16.500359
19.965043
15.620637
15.166369
18.836428
12.927587
9.157175
13.481922
12.988739
17.453110
14.128936
14.198121
12.120303
4.814449
15.789066
13.491861
8.806492
10.989875
10.551672
13.476444
13.873191
12.051022
13.503001
10.663246
19.369833
17.596750
18.504284
23.518337
13.614732
22.948135
15.361932
14.880593
12.762738
19.909786
14.374247
12.904645
16.200988
13.570073
9.386131
10.842101
14.164552
10.954077
15.830552
12.498000
12.377105
16.798893
15.844568
13.276053
14.849309
9.376888
12.742375
15.771728
15.789683
17.091692
20.018114
18.959053
8.364785
18.969093
11.346824
21.071287
13.268931
11.964431
13.033227
12.168372
15.213338
13.392818
19.461433
15.435976
13.530872
11.273327
15.423883
15.172711
17.299165
13.241785
12.317994
15.022193
10.402430
15.682800
14.986353
13.632778
11.106753
18.994113
17.386206
10.292589
15.953047
15.628672
7.731970
9.859612
12.201140
15.835562
17.940387
19.011810
17.011666
14.334965
9.835130
12.267151
11.226425
12.514499
10.951201
13.671875
9.265507
14.213621
11.221526
15.714476
13.207667
14.596313
14.000652
20.250934
17.452612
19.695296
21.176230
19.621080
13.813479
16.227788
8.949339
10.083251
14.178456
15.298549
12.265192
14.359792
15.312519
17.990724
15.706740
14.975786
10.133956
18.102101
17.631925
17.752360
13.483837
17.267483
17.993189
18.364868
13.490726
20.478268
17.488738
19.303519
23.339841
10.792708
14.597686
13.936871
18.732952
15.585364
11.986780
6.403737
13.355391
14.228846
11.874104
9.220128
16.453585
20.078145
17.519188
8.384323
16.568813
17.591378
15.238096
11.374325
8.397877
12.877060
11.737426
14.286118
14.430255
13.673083
16.948985
15.737739
14.164213
19.199350
14.602877
22.364030
13.647196
16.944172
19.959925
15.187615
13.585845
14.026227
21.693475
14.962992
20.011219
12.520167
15.408813
14.610963
15.256666
13.146780
15.370987
15.716401
8.233167
12.449647
17.782959
14.016729
19.524896
14.407937
20.110359
10.993024
18.524406
17.317376
14.911132
13.484055
12.439445
19.530381
17.913616
12.984647
14.511276
18.058699
20.347722
14.437982
16.776208
11.514481
12.969553
17.402990
9.625394
13.630747
18.367864
15.874855
16.650462
15.765448
13.595428
21.180202
17.982022
14.269475
14.394644
19.286253
12.238372
13.983515
20.383459
15.135023
19.015967
13.537839
18.318927
15.084048
18.640450
17.126881
15.401910
18.605648
12.044828
13.448299
13.584615
16.534605
21.784666
16.053377
15.150344
12.879716
8.580304
13.033032
12.567746
18.269916
15.508767
13.843321
12.973169
18.535514
18.180409
12.792357
9.787106
17.168859
15.895448
17.095365
9.130009
20.693942
22.705216
18.514736
16.512979
21.923746
14.348210
14.733375
12.965693
13.606883
12.350676
12.539454
15.286314
17.152634
17.844856
19.388582
13.632308
17.241385
20.431889
15.383862
12.724817
16.712352
15.643693
12.846889
21.394467
13.902638
20.129901
15.858646
12.836904
17.840409
18.598784
15.818045
6.626448
16.779992
15.727849
15.392133
14.829773
8.213031
17.358143
17.985019
20.393056
13.070872
15.464751
14.463589
14.729298
13.859717
13.531093
18.146096
18.111724
15.207047
17.932878
16.197085
14.214802
12.257499
16.838167
12.781802
15.172510
10.522521
9.415640
8.395164
14.838844
12.744325
14.548478
14.668774
17.364833
12.922249
11.286854
11.847207
17.401759
11.001094
12.349770
17.450672
13.242282
14.555550
15.965853
13.509439
15.641082
6.659998
15.089721
18.444148
16.394765
15.972516
15.178707
13.017777
12.548565
11.411045
15.461945
21.469486
12.572180
16.300664
16.758346
15.561805
16.138737
18.408892
17.097177
17.938815
14.855171
21.083051
16.070885
12.355059
11.275326
7.165974
14.206453
18.420356
16.381709
19.571515
14.130871
11.200234
13.182849
12.863485
16.358404
15.379616
17.086222
16.831568
13.420847
16.954809
14.059493
14.576271
14.894761
13.168772
14.846729
17.833761
16.051196
15.317539
11.262176
20.371025
17.506539
17.341270
16.092923
12.211098
14.730887
13.903255
13.257287
11.505956
16.012248
12.824494
10.610997
18.166798
14.250946
21.636353
17.548852
16.077516
14.014933
16.689486
13.686275
10.816820
9.840171
12.620740
11.685680
14.134488
10.715033
14.824309
19.017301
17.460907
12.992909
14.029551
10.846791
12.979718
15.856384
19.320109
17.558846
14.427509
18.160936
14.288743
19.138053
12.045266
13.100088
11.864570
14.354686
14.047187
12.664869
15.854313
16.200253
13.902670
14.277357
17.883879
18.439603
20.238736
15.913950
11.624102
15.401537
13.299683
11.149803
18.658360
13.481316
13.401879
13.554604
18.581676
11.757797
16.080124
15.820977
17.971161
15.016875
14.520109
10.422374
13.095446
17.858705
15.879117
19.138078
9.456922
22.256583
15.917744
9.999709
11.966255
15.547846
20.329454
11.638695
9.877942
13.361396
15.906701
15.651495
16.693701
19.483757
17.614305
15.068161
13.875389
16.769760
21.920697
19.337048
17.245662
14.584824
9.046523
15.050993
14.332469
10.305545
12.429246
13.349829
10.475654
17.874002
13.907398
18.033516
16.753034
12.360583
14.946411
13.046538
19.006389
18.964763
21.164611
12.265745
18.426462
10.607382
12.397741
15.574363
17.412707
8.322808
14.484476
7.604285
16.437754
17.020074
16.023041
13.361975
18.430032
14.916841
15.393123
14.774457
15.985466
13.290504
14.448588
15.733621
12.653905
12.495030
12.112700
16.043884
18.301927
19.103434
12.962064
16.829881
17.562400
17.362408
14.194719
11.690855
11.787747
13.306610
11.905058
18.949769
20.746829
7.513619
14.611408
12.465490
8.460769
16.296131
10.698396
21.341950
15.502427
17.477228
14.196568
18.697325
17.800881
13.987719
16.552935
14.601558
11.984836
15.054920
10.958259
14.224809
6.860688
8.973503
16.696576
11.138756
13.602720
19.706399
9.576640
17.658323
15.808585
17.855873
11.618622
16.160635
10.195429
10.597776
15.632247
14.476161
18.882078
17.108502
18.245828
14.842278
16.885477
15.149995
20.763222
13.081257
13.905582
17.023598
13.845423
18.645360
17.105293
16.661095
21.516535
11.480982
17.813131
15.637470
16.647180
15.865342
9.596056
14.995846
15.827497
13.872474
14.449689
10.212836
13.379313
17.284482
14.382326
12.906744
14.952125
14.645923
13.002290
14.501975
11.755375
18.751353
16.914686
17.135310
18.380579
16.080504
11.637933
15.225696
12.468180
17.995100
19.212304
13.571663
16.688120
14.641705
20.190559
17.117437
13.119752
15.229408
14.312207
15.428827
17.014841
7.864984
16.173733
15.668762
16.075239
10.515358
11.872925
10.334668
15.492382
16.239745
11.660676
14.765966
18.390769
12.192548
16.065703
12.125614
12.299946
13.763943
13.504920
18.561531
15.730259
11.455677
19.383495
16.336573
13.285059
22.398597
13.692708
17.956174
15.535537
10.341992
8.656008
10.142050
14.895869
14.762424
13.459155
11.283404
14.458996
11.411163
14.563410
22.687063
10.068460
16.932451
19.856672
15.554133
14.995909
16.527491
15.575774
13.865459
14.497445
16.531443
14.539852
12.288259
16.523521
13.421708
13.216036
15.086955
13.316727
13.763210
9.937295
9.795951
14.765894
20.989819
14.635325
13.209517
18.755912
12.064105
9.755682
13.019055
10.633672
14.023076
14.520304
19.658691
10.871013
15.122322
13.616433
15.853860
18.157593
15.668687
17.528081
10.768267
11.773930
11.317254
15.871126
16.093238
11.809116
16.416792
26.777403
17.638073
19.088386
13.346933
17.041063
15.620652
16.168550
13.509861
10.294119
20.925386
16.973901
14.396976
10.918722
14.744236
20.447351
14.685257
14.978016
15.251095
15.660914
19.572407
16.615576
14.020940
19.957735
14.814601
12.276485
12.096980
12.123290
11.881117
15.103260
11.650199
13.618759
12.223176
16.139447
10.176705
9.017720
17.487362
13.673794
15.338254
17.190699
17.891355
13.319096
12.374575
12.930083
12.480081
14.561355
15.782925
18.752830
18.623216
14.734410
12.308606
16.711911
13.774100
15.208278
12.680065
14.787475
16.055621
12.085929
12.726917
19.400808
13.571935
13.798731
15.108806
12.506333
15.473312
18.043922
17.770016
8.924600
15.931179
15.518188
11.029400
18.600131
14.720688
13.763841
14.353769
16.752368
12.596692
22.018543
17.351769
14.393896
14.743754
18.527567
13.641466
15.830552
16.536533
17.296703
12.286603
15.751403
19.340258
12.160749
16.653136
18.890989
16.443629
17.998660
15.090267
12.792520
18.269172
13.175109
8.488864
13.416112
12.452445
14.920144
16.630302
15.536976
20.148448
14.073697
12.947920
14.536755
8.356891
14.820252
19.262441
14.998344
19.235357
15.668482
16.745046
17.133544
11.806915
15.162542
13.415543
14.674861
18.363920
20.123300
14.854279
14.672586
14.068929
15.338156
14.776100
18.616727
16.382726
14.208195
17.361163
12.938553
10.365638
17.987465
16.752335
9.640914
13.561628
12.943791
11.850457
14.915310
13.351586
18.331793
15.816840
13.039647
19.961577
15.280283
11.812565
23.713744
13.666834
12.566610
11.106875
11.043499
13.537892
14.556796
14.341146
12.656856
15.425934
10.885411
9.898892
15.591300
19.644375
12.532407
15.728501
20.627025
19.378303
18.477134
17.015733
15.009820
9.433153
19.173290
15.633855
15.308046
15.686912
17.188742
18.439557
18.635750
16.906049
16.545483
17.316703
16.089633
17.280215
14.453053
15.330543
15.134052
13.035683
21.364831
18.461083
16.572190
13.612998
12.444512
15.322777
14.083785
11.745460
21.315606
13.924087
20.197302
19.344043
12.347406
17.375662
18.058057
15.689460
13.736636
14.392162
15.363573
16.956384
13.259689
15.581020
9.782011
13.497334
18.144314
9.912730
14.601094
13.025909
13.487400
13.044437
9.423427
13.739795
13.235503
10.715266
10.654177
14.768100
13.602547
15.476478
14.745987
15.906398
15.578653
11.281759
9.234363
15.946111
12.710637
17.096723
9.619605
12.599548
13.371949
13.210857
21.919372
22.173109
10.936709
17.406144
14.989340
9.933333
15.304076
15.314702
13.107266
12.570359
13.772681
15.572180
15.680397
13.661645
17.375896
15.606560
11.071075
12.177863
18.926062
14.584133
14.405629
14.107223
16.810436
18.838752
23.686802
14.875840
15.120405
16.990254
17.850246
17.487263
9.146710
13.306505
16.528621
21.032576
10.710123
9.652564
12.805498
10.364402
14.421238
13.424039
13.052249
20.026104
18.202791
11.754064
10.924963
9.496760
15.129363
15.380896
11.536001
15.378101
14.413126
19.093674
19.259169
12.887845
13.340727
20.030179
20.266361
15.025321
20.027605
16.313051
14.293473
19.932643
9.279271
9.069672
11.939555
11.738196
13.328381
14.820856
14.863969
21.689182
18.260238
18.849283
15.186132
13.601038
15.170352
12.101881
12.541630
16.299083
13.406808
20.049847
12.167996
4.932893
14.732753
13.828323
16.372679
13.522308
7.731608
15.548297
12.990297
10.715927
15.505433
14.594962
12.385242
17.593270
18.793471
13.993880
12.963989
7.677818
12.008431
12.440141
17.063255
7.355827
10.254164
16.710643
7.314068
13.782626
14.711083
14.622021
8.595983
15.602674
14.156612
12.510665
19.027494
17.249543
17.746361
15.321957
17.680179
14.253443
18.540944
16.306921
14.630698
15.719246
22.029966
13.319575
14.234314
15.339794
14.919459
13.632954
10.827649
13.015780
11.944089
17.843626
14.717754
18.678068
17.069994
11.331005
15.726068
14.084558
15.759668
18.519457
22.955184
12.723395
14.781611
12.099824
14.732211
12.604822
17.009201
19.718079
11.467948
20.620425
19.807235
18.549883
8.923568
17.947845
18.003029
15.415715
10.006201
11.046518
14.828278
12.157609
17.308507
18.887377
12.089410
17.088812
14.086208
15.909211
14.487013
10.285431
15.287227
7.751839
12.107139
12.328397
14.180757
10.764700
15.007215
13.488815
14.994345
13.191672
11.474168
15.045645
13.701652
15.275620
17.261660
18.864695
13.237452
17.653965
16.775466
13.401808
17.794226
18.511164
12.381167
21.515899
8.279866
13.814737
14.020248
13.535393
15.237708
18.675497
13.061499
10.693057
13.639513
13.460255
13.007914
11.361907
11.981939
15.691357
17.904589
18.744748
14.871660
12.228729
16.497283
13.450037
18.138235
11.869342
13.480007
20.121972
11.758656
11.949880
16.208672
11.699596
12.842462
17.509269
8.496658
13.086382
12.006582
10.167454
14.180971
17.163204
14.398001
9.063017
17.507707
14.175115
14.273703
10.239085
17.429038
15.335897
13.129810
16.445480
12.206864
20.485545
13.332334
20.423868
15.422666
17.787494
15.346479
12.704725
17.822053
14.889896
13.784967
14.870675
18.529609
13.876247
15.168253
13.564470
19.062127
11.782069
15.459813
18.482081
15.558346
16.701183
12.781859
16.038885
10.975615
18.210969
11.912527
18.668105
19.572251
17.503739
23.267991
12.554023
6.464892
10.455998
12.271934
14.242155
6.577775
15.644140
15.065474
16.334245
7.561253
8.384229
12.143979
12.728811
18.377468
13.699146
11.220921
11.828489
13.201947
13.240417
14.273025
17.717929
9.563023
16.646873
16.615493
12.780573
19.616837
16.137907
15.616060
15.392399
13.476590
16.518682
13.482485
9.672274
12.892415
15.779066
13.337811
17.913691
19.885304
13.359777
14.906678
15.914534
13.075452
11.139322
15.370009
16.439879
19.657809
19.213007
7.944848
12.069876
14.101950
13.217922
14.096821
20.103927
21.523347
18.481264
14.656301
12.035926
13.694178
14.599185
17.915682
9.127489
19.768146
9.627879
15.844875
8.965736
16.053284
15.628347
17.834575
20.317475
12.604778
12.095364
14.450127
17.475739
9.813517
12.429914
6.720756
8.205908
12.607465
11.845255
15.302156
13.934410
17.124322
16.389009
8.393183
10.468722
14.789132
12.251553
12.156759
15.167427
10.400296
8.629820
9.008817
10.691295
16.804626
18.943973
12.802528
15.192857
9.992262
9.632224
18.450664
14.909103
16.300112
17.414968
18.863724
12.039456
17.059258
17.865261
16.762940
12.603852
15.672130
13.921950
14.510208
11.933520
17.831629
8.077496
18.170283
15.835439
12.163098
13.685804
16.169258
10.364422
12.025510
11.773246
12.252207
18.652034
9.529522
14.674381
18.742945
15.544318
11.994272
18.181481
18.283366
16.031527
13.828801
9.552211
17.554351
12.898518
16.232326
16.994094
16.214961
14.483244
10.427798
13.837429
12.773355
12.866652
15.522332
16.845610
12.810516
14.303486
14.191617
14.706592
10.362933
18.794087
14.598169
14.246809
17.181824
9.151173
14.341470
16.967115
20.312691
17.020880
17.760188
17.419113
13.419791
12.670005
16.537940
20.831286
22.465718
17.830310
15.592754
13.726140
10.471192
13.736298
15.029455
15.373336
15.608885
18.156065
13.519921
13.435706
16.494532
10.697364
16.573143
20.660137
12.652489
13.703806
20.636480
17.555624
18.184474
14.713270
14.890530
15.405719
16.370430
8.396518
18.911622
15.197037
17.339209
20.432775
10.854067
11.222065
14.454127
20.172138
16.465030
15.187336
12.248314
13.374836
10.860993
15.331439
16.818338
10.689369
17.885270
18.478272
14.827955
10.608483
12.874963
15.900127
16.261142
15.608895
11.261993
17.582378
13.588252
15.323134
13.902875
20.528268
10.228651
12.253561
18.666448
15.799429
20.295774
17.755495
9.536544
15.407936
12.766697
17.487960
11.986290
15.509704
14.671355
12.051778
6.031001
16.855511
16.573041
16.392883
9.405558
13.630502
17.782615
14.367064
14.712324
15.925587
7.112647
13.465835
15.615201
9.850649
11.525559
15.403474
17.368929
19.838809
14.283296
13.372805
17.021035
17.360063
14.915653
20.234595
15.393045
19.201865
9.722207
7.363861
13.284104
16.301074
11.573838
16.033465
20.060706
14.493052
20.766329
12.679655
16.570830
13.649819
15.693223
15.634589
10.666602
14.119816
14.211268
11.922964
14.236032
8.543163
18.857125
14.179411
21.318357
15.950442
13.190045
17.423384
15.825906
14.419877
21.477845
18.100412
14.974769
12.532887
23.448837
18.753640
17.762074
13.956820
17.225971
14.598815
16.260824
15.076973
13.999782
13.324855
16.895334
18.390458
15.838811
10.576587
19.732498
14.510914
19.978850
12.692065
14.902123
16.008324
11.111602
16.976538
16.475985
15.653048
18.697834
18.375319
15.198915
15.240123
19.003201
14.116156
20.488844
14.033905
14.680382
15.773482
17.368530
16.142857
15.399516
19.519803
11.753544
13.628198
9.542735
8.459361
11.664257
17.345132
16.007167
10.885952
17.411716
10.968414
12.898213
13.123852
14.117065
11.134036
12.130848
13.266844
13.930192
15.875366
18.217373
15.114703
12.299780
16.855998
16.354463
16.235944
17.224231
12.446790
15.476794
15.578756
13.591169
17.117134
8.702142
13.403510
17.151274
15.091902
19.698496
23.455684
7.811959
20.506461
18.083002
17.025195
11.148065
8.839003
10.959218
14.791459
8.930612
12.970707
10.192627
17.620510
15.880133
14.962945
14.555713
21.921561
13.720048
13.886378
17.974205
16.879902
16.375342
21.003519
21.395785
15.762250
14.322673
15.603508
15.929682
15.399881
12.519837
15.225455
8.474245
15.897439
14.214062
19.399408
15.221032
17.878874
11.179767
18.082605
15.936429
23.182586
21.352627
18.962758
12.933456
11.260943
17.774307
15.501228
16.178513
15.133633
10.940311
19.408134
13.122877
16.766435
18.539228
10.745656
14.939197
14.294746
16.259766
19.350045
14.090931
12.660469
16.548475
14.100320
16.465593
16.490944
11.176071
19.675183
18.024096
16.637302
14.756153
21.172563
12.749393
9.458732
16.701286
17.409744
14.649007
17.607127
11.734345
15.150085
15.119373
16.381267
15.420158
13.457656
15.087420
12.774326
17.634487
16.346648
18.457571
18.632547
16.676636
16.880335
11.118657
12.481600
11.274760
11.541323
8.565681
17.105638
22.174766
18.351264
17.455074
15.613543
16.033773
8.408683
12.434779
14.031700
13.916656
7.950775
11.792736
18.926717
14.946019
18.603696
15.635001
15.566327
17.909426
19.862379
13.275895
19.355244
16.376838
16.693054
9.427716
11.669150
8.896133
14.432117
15.087797
9.843720
16.367830
11.763093
19.818548
24.539195
20.094866
9.860963
11.016604
10.152068
17.821522
21.723301
19.444149
17.691908
19.914098
17.147408
11.094372
21.414638
13.668981
17.021711
13.700141
14.662339
14.299924
14.669845
16.842294
14.160423
11.318070
11.402622
12.597221
16.180146
16.779745
21.775507
14.547527
14.505621
12.783938
15.450408
13.007778
11.704262
18.427517
16.789492
15.418646
11.186390
14.952014
13.614542
17.645430
15.774366
13.863535
10.687395
12.665244
9.866188
17.586577
14.394116
15.123895
15.131151
17.709970
13.682807
19.015289
14.249679
10.510422
15.051788
25.326119
15.219836
13.708640
13.338863
13.302376
12.504423
15.160233
13.400264
15.985857
17.880117
22.982111
13.482924
10.585155
12.537419
14.339930
15.451336
13.623934
14.031382
15.407914
10.182162
16.505060
14.150368
13.930697
20.642660
15.647144
13.201303
14.183721
14.389409
14.700081
15.447835
18.279431
16.820656
16.997912
23.529949
13.119875
15.549164
16.650775
16.102898
15.219265
13.674579
14.777394
12.397491
15.243769
15.592192
13.518547
19.920887
13.622512
12.099952
10.296655
19.094815
13.590509
13.852168
12.588551
15.269502
18.884507
16.354376
16.944127
19.679138
14.248617
17.846450
11.581611
17.769467
14.591658
11.293111
17.998801
15.352131
13.263113
10.488998
16.975057
9.947807
17.597575
14.530873
17.948762
13.169243
16.931532
14.772029
11.985831
14.051666
11.512621
14.148593
13.299577
11.147274
13.263322
15.434827
17.857305
13.387701
11.280436
14.265757
18.729419
14.711384
12.923548
12.559849
19.532249
17.239766
13.004347
14.551189
13.832497
12.639094
10.870689
11.948712
17.331707
13.138398
14.115417
15.082839
15.862276
17.605674
12.061199
16.528853
13.607297
20.867696
15.510635
10.982208
10.868368
16.912970
15.556115
15.033648
15.175470
9.363824
13.559913
10.150304
13.937140
16.050892
14.708012
17.447594
13.062474
12.505148
12.867716
17.392466
15.663025
16.090241
14.312321
20.434787
16.342009
20.472420
7.166355
10.058358
17.340118
15.897907
12.896764
13.727481
16.093781
15.959083
15.948727
14.804830
19.085203
17.513073
14.835586
12.831383
10.914611
15.112582
14.339052
19.575773
18.510703
13.614986
18.767237
14.669353
21.329936
17.286530
22.444539
15.677610
13.944567
11.660494
12.723522
19.645841
12.423753
20.518025
9.650523
17.473241
10.764911
14.710714
19.325668
12.693779
16.706673
14.928192
10.438684
19.518981
12.408552
15.546100
16.341338
14.325456
16.500644
15.690529
20.744386
17.361708
13.768299
13.886191
16.722221
11.675189
15.968608
19.600425
15.531603
13.753658
11.522666
15.051827
17.791625
15.672546
11.157941
7.288715
12.718032
17.379184
10.959375
13.490959
18.714828
18.856843
16.816187
17.298500
15.552141
14.977136
16.316412
17.957703
13.838021
17.283953
13.680782
15.550234
12.350487
16.758284
12.594697
11.314421
14.368082
14.255161
15.282938
11.350765
12.955087
19.607826
18.553199
21.342858
14.471875
21.738446
16.393028
15.654768
13.944071
15.973543
17.904548
15.377473
19.614480
14.014212
15.906934
14.808144
13.352091
22.782657
12.104330
19.003612
11.971966
14.946309
9.545350
12.718373
9.724552
20.392780
15.827057
20.699913
16.801761
18.016250
11.932359
20.660442
9.758012
16.686158
15.079296
11.247175
12.230209
18.953535
11.500182
12.047799
14.164523
13.852285
14.659813
18.777051
7.672619
10.856218
18.692229
15.641950
12.917715
11.254241
17.073759
17.265650
14.117914
10.921829
18.380080
13.142462
13.899107
8.873103
10.431023
19.397119
13.316416
20.807884
15.832814
14.593986
14.839905
15.508965
14.641066
16.421826
12.062297
14.165377
12.394293
15.309203
8.629527
14.374787
19.928093
11.809043
17.282712
15.599648
14.929607
11.015806
14.625196
13.104672
21.087230
13.260909
14.540752
17.096703
13.573836
15.940041
15.623970
15.471668
15.807515
15.219821
15.291854
19.153561
15.848485
10.165356
15.982364
14.868637
11.038902
11.247656
18.009200
12.179926
18.267007
14.500162
13.536797
11.530599
19.175943
9.370193
12.034528
11.801988
16.116322
17.289104
9.475657
25.025562
14.529999
11.956208
15.143795
16.111883
13.154126
13.058062
14.793718
13.442201
12.701105
15.328306
10.492474
14.401361
11.145678
14.458289
14.532251
11.596486
11.943612
18.575633
12.229151
16.512345
14.650618
14.949164
11.444581
18.684715
12.258651
15.249404
10.816005
14.698953
16.608539
16.749197
22.710937
12.374705
16.442117
19.371081
12.084972
13.559781
14.979116
10.640804
21.317193
16.664455
14.970608
13.382034
16.607604
19.020190
9.344498
21.951778
8.089102
17.407331
14.192939
11.120194
12.259871
15.291597
7.821173
13.633276
14.558518
13.040639
14.551319
16.510928
12.721001
18.424219
9.974541
17.630401
8.079823
22.841464
16.759753
17.888396
16.021138
19.636960
13.392326
13.342941
11.276298
9.875315
18.644444
14.905872
16.322624
14.522991
16.857327
14.813661
20.296776
14.295589
15.396827
15.506812
15.852662
18.841840
15.653748
15.833849
19.677388
19.058735
15.041843
15.662818
15.258425
12.461293
17.460756
18.087934
17.950768
13.283104
12.153927
12.251821
20.320997
16.380255
8.625814
18.271615
16.673920
14.741189
16.136355
9.299050
11.461103
17.618852
14.285436
16.725130
12.864301
11.189750
18.066813
17.279492
13.158540
9.882371
17.301207
16.421472
12.122459
22.768051
22.297735
12.605991
17.219573
13.675504
12.782379
18.584216
12.486493
16.790651
9.767643
16.862707
17.559458
20.613496
16.077164
14.446374
8.467986
13.100929
20.358284
16.977857
17.537658
15.408981
14.717269
14.327845
11.360005
13.643440
15.160376
12.568634
11.170031
12.919313
11.551260
15.388221
16.989848
12.714884
18.487680
17.637928
15.774982
17.691883
15.069684
15.480290
13.342173
18.845887
12.989194
16.963107
11.376607
11.120693
13.534087
20.976268
18.236952
16.730644
17.610543
9.117401
15.250370
13.084981
17.732688
10.098812
9.853705
11.076094
14.407135
16.907089
12.862351
14.706205
10.914849
14.105015
9.132908
16.445259
13.273251
19.023394
11.518940
15.569059
12.416706
19.964857
22.889492
15.290740
16.563617
15.126739
10.701377
20.229626
12.743938
12.223532
10.802224
15.486000
13.734813
13.041627
14.689174
17.568179
15.357551
16.124306
20.574048
20.803095
10.322245
16.935238
14.833158
15.011903
10.096746
11.388897
14.953637
15.349513
17.359385
14.225955
23.021230
13.981956
19.631483
12.578419
12.791041
11.661881
14.732649
15.764794
13.853970
16.091651
12.546552
11.711933
14.528418
19.015724
11.567228
15.702838
15.173852
13.454247
17.577449
13.876352
13.319880
16.454336
14.667817
15.224194
12.549018
11.552962
18.600856
16.822534
9.918310
13.448477
17.303477
15.961912
23.048657
18.585189
20.252630
16.640982
16.663295
10.941572
15.089690
14.752943
14.227098
14.957709
14.385807
17.256135
15.379289
17.954322
13.127748
17.123511
12.769825
17.354872
15.257855
9.556065
18.048528
12.255629
17.900149
17.395617
14.236979
11.688095
12.447985
16.464132
14.929420
10.978270
13.772606
14.435967
9.828628
21.084264
18.886547
7.616473
17.299208
16.907415
10.160817
21.315545
13.513893
16.107669
11.503990
14.669344
15.149310
16.492369
15.583228
16.540632
11.784781
13.730589
15.975590
9.550279
21.954262
16.669163
14.606036
15.431467
12.561318
9.794109
12.631957
15.993948
15.672851
11.084474
22.365367
13.510695
16.954257
17.418411
12.618461
12.341958
10.602635
8.273490
11.394914
11.487221
22.378343
20.766753
10.970068
17.175305
18.434373
16.468785
16.630428
14.378283
14.299829
12.210551
15.999857
10.029429
14.508894
12.493020
7.210366
16.085870
13.645238
13.674844
13.991902
16.683620
16.753782
11.559064
18.111367
9.502503
20.743196
12.079132
13.501837
15.259453
19.065606
10.831653
12.645298
13.819435
18.577787
14.690670
8.090517
18.554523
19.357950
14.521991
12.600509
6.685171
13.053205
19.147585
8.068712
16.911912
21.336173
13.443713
13.608358
19.958262
7.277015
8.923589
13.231688
10.612679
16.948405
15.036881
13.866617
19.364453
9.590077
23.344988
15.011866
13.483203
13.584792
21.369600
13.264855
14.854963
13.867955
17.052236
5.647742
11.888824
20.636759
13.441229
18.283561
16.635849
17.733995
15.250560
15.462211
18.291484
13.277680
18.520648
19.354675
12.238143
16.924642
14.834743
16.869001
15.191181
22.179835
15.858361
11.884890
17.928009
13.673033
16.137009
16.616884
12.786536
11.448256
18.082452
14.883529
10.916778
14.477758
10.837419
15.043233
21.011264
15.459055
19.877180
19.447854
13.625914
14.440994
16.277010
13.432106
16.455279
14.180798
16.151871
10.001162
11.432862
13.333037
15.647846
14.893029
15.323282
13.111116
13.029782
17.679145
9.475168
18.309135
13.202167
11.643950
18.762312
12.484609
17.066022
12.213539
8.696843
21.321265
13.043267
15.816507
17.505198
20.934447
12.152694
15.439043
18.319839
13.895212
13.746280
14.038536
16.075352
20.878315
12.894861
19.349586
12.627532
13.860143
14.278402
16.114367
13.923200
18.871724
17.299563
7.752460
13.794717
14.419682
14.939813
10.581222
15.465102
13.934291
14.789235
11.556150
15.363064
20.660066
12.787939
14.462329
17.640826
17.460881
18.886987
15.256786
13.287857
17.285587
20.515324
15.907533
11.360999
15.552297
13.226877
11.080390
14.055127
13.224581
12.105818
18.658384
21.623793
18.109635
9.913386
16.996639
17.703303
9.979196
19.893402
11.687872
18.018497
18.844582
17.387963
12.638606
11.283433
10.614436
20.990389
15.285922
16.862243
13.591475
19.750312
15.477426
13.407234
11.632309
14.931726
16.469490
11.532963
19.049579
8.839088
15.118751
14.724201
12.594009
11.841342
13.532269
18.012832
16.439609
16.321716
13.818115
17.616488
20.603761
9.409030
11.530182
12.205375
18.245333
15.701350
16.361838
18.902800
12.126108
15.505979
15.852626
14.385372
17.352087
12.059471
17.650714
19.512513
15.437181
13.172925
11.100377
16.136752
11.414107
19.555823
19.311364
13.617982
13.560956
13.355714
17.630793
16.073195
21.366009
13.233025
21.335945
15.808578
13.800432
10.029628
16.331153
14.626454
13.929976
18.103810
14.247511
16.669400
12.591302
13.142207
16.340341
13.789245
16.307127
17.507361
17.105828
13.812465
17.062702
18.101951
13.789265
14.502666
13.482922
14.987016
14.317819
14.641490
14.415324
17.016644
14.528476
13.292485
13.228236
11.745444
11.840040
22.150394
18.736351
17.403056
15.847478
17.531646
9.088908
12.993074
17.552782
13.832225
15.015935
10.447275
19.232343
8.366999
13.742911
15.153372
11.722438
11.677210
14.014350
10.164114
5.954639
10.431642
13.102725
12.540729
8.930057
18.205323
16.640992
16.148710
14.739995
17.688317
16.116981
14.946633
16.807927
13.345283
8.919562
14.113285
13.595451
14.667771
10.104286
5.687964
10.812253
15.927868
9.723566
17.396371
19.010750
11.205993
16.796724
10.149218
14.607786
9.809202
16.754715
19.382383
14.278843
18.511475
15.408762
15.587457
18.778486
16.564868
14.729831
18.156689
10.249924
14.407848
17.675106
12.233144
9.486658
13.310327
13.984504
16.007685
11.909160
10.393548
24.860736
16.073421
13.947211
15.258017
11.365425
12.160466
17.142411
16.048437
17.865879
15.675318
13.538443
10.749044
19.748839
11.942136
17.768684
14.389148
11.105562
17.444115
16.989998
13.660766
16.659812
13.337940
17.340447
17.114179
18.703076
18.627993
16.434680
19.704728
15.721946
15.845938
16.333765
12.969347
12.959696
15.009175
10.423135
17.365511
17.970711
12.660440
19.051804
16.749079
14.422944
16.170311
15.311621
19.703871
16.223789
18.579805
15.231188
21.747770
13.084111
21.170795
10.640486
17.825178
16.842440
15.983810
16.755763
14.179523
18.762118
18.645997
15.891555
9.874963
12.709695
13.092028
17.191844
13.004244
14.814327
12.493757
10.579114
13.929098
15.214273
13.684067
15.455758
16.709533
10.372175
14.999082
13.699410
17.200014
14.365772
19.183493
13.697501
13.062127
6.985053
21.081796
15.083064
22.235224
11.823614
13.369522
14.756182
18.997594
11.320495
15.613252
13.059145
10.607952
15.709900
10.954971
11.824260
17.560624
22.711749
13.352375
13.395821
19.511471
11.448786
12.770787
11.968216
12.841033
13.928383
14.640373
16.057238
15.185384
13.581420
20.635511
15.104388
16.633992
25.124042
12.036590
19.091617
10.701542
16.052910
14.210127
16.758870
16.591943
19.418122
16.722934
10.790807
18.307401
22.320045
15.919099
14.486098
15.687013
18.285694
16.763548
17.720652
16.368860
14.410814
14.662559
12.513146
12.821446
6.945454
15.631603
13.833120
17.208134
18.131027
13.770343
17.274820
16.983249
18.147041
15.472765
12.090675
9.463203
15.170568
14.075764
14.460411
10.080849
19.138218
16.943750
11.072919
18.260712
15.498609
19.299942
13.293268
17.591196
19.390536
14.584517
15.456362
9.677467
17.663483
17.627909
16.529112
10.871481
14.257155
12.078953
15.699828
15.727315
18.267878
9.632488
16.093703
12.174360
16.421728
20.176467
15.357299
18.753946
20.053231
14.867618
9.525087
17.237333
9.955491
12.884407
10.656036
10.925147
20.470496
14.621174
15.638378
15.761650
9.060538
18.735106
14.489553
12.555832
13.028405
18.586458
13.563335
14.997965
18.798387
14.604362
14.078320
13.750379
17.806212
13.646298
16.097147
16.762603
8.721525
21.565462
14.824873
21.696642
11.776644
12.193111
17.611718
14.347674
17.844880
20.003533
11.222889
17.152701
16.070905
17.751907
18.606192
16.624153
15.717478
17.003523
18.679716
10.205169
16.051356
15.108602
8.592108
14.618473
14.109695
15.127019
12.334385
16.551071
17.944593
12.299898
15.436346
8.509005
18.022552
14.721000
14.204610
19.539165
19.899339
14.437373
9.689492
12.956771
16.627926
7.845069
13.342571
13.524131
16.795737
16.166915
14.863337
14.040704
14.229378
11.237075
15.996609
18.649385
12.705384
20.054707
12.029326
14.377186
8.127829
14.030779
13.988267
13.294928
10.325339
18.220646
15.799871
12.691268
9.191715
8.465433
19.807177
21.667863
16.112898
17.696240
16.401315
18.059253
13.302581
14.360625
13.353064
15.076682
16.787797
9.750172
20.316020
16.974366
18.498841
18.483148
15.294168
18.343227
14.138551
16.283549
18.786670
15.183561
11.195973
16.553941
20.681083
11.493964
16.343576
16.978230
18.700863
18.471315
18.942746
14.135882
19.113227
13.273508
9.078951
15.018494
12.038273
16.409044
17.297373
11.623779
19.255894
13.251799
13.730693
14.460750
11.903392
11.251302
13.451636
21.523512
16.330335
12.873076
12.567503
18.205334
10.948279
19.225725
12.935640
17.572222
9.770721
20.412436
16.823422
11.720598
19.341750
19.481316
14.518719
19.237323
17.895671
15.651124
11.225094
19.814762
11.449008
8.698649
11.822922
15.340511
12.413530
11.990459
12.832464
12.501576
9.198601
12.032181
14.019782
14.276561
10.825035
12.665552
17.701416
10.472513
16.822957
15.519981
12.979768
21.248621
11.652031
18.707581
14.333882
17.838461
14.439061
15.937733
14.307994
16.319583
14.058824
15.600044
15.680361
13.063267
17.847902
21.193366
12.733684
13.953115
19.690515
11.561295
12.771588
18.551507
10.745649
8.597865
13.087096
6.720689
17.232197
11.511110
15.414496
12.198330
13.433435
12.566961
9.618788
19.228811
12.693141
14.955593
12.727948
21.821581
17.012912
14.673242
12.133038
15.294868
16.861818
10.018999
16.443387
12.664723
13.620802
13.188427
15.907253
13.823633
14.757842
13.884929
13.789571
8.884774
9.374612
11.665876
13.580673
13.226469
12.266165
16.243634
14.682325
13.419469
14.099182
13.243036
15.267801
14.550051
16.748327
11.919135
17.230061
15.612672
13.838684
5.866520
13.394013
12.778928
11.164160
14.951214
20.124217
15.618844
13.282652
10.696945
19.482915
16.942745
17.151845
12.591383
11.703257
11.929923
15.554972
18.426899
17.830411
16.122305
21.077666
14.061245
12.468764
11.456572
10.053483
20.509060
19.804319
16.930400
15.372483
11.296361
15.997534
17.838606
13.880440
19.087440
14.828238
12.753083
16.447582
18.726923
17.901771
15.272179
16.225559
16.903240
18.538877
12.141236
11.057823
11.494315
19.969177
14.206190
15.058065
7.916068
14.960093
16.130698
11.839575
15.271649
15.771615
15.686894
18.702885
22.182890
17.049570
13.253972
11.078105
14.138453
10.214035
11.841590
14.361903
17.265296
13.389171
16.953121
15.620950
15.623921
11.970296
16.657578
17.746700
17.528394
14.407752
10.925251
13.842848
21.166066
13.889607
9.959518
11.943084
14.551170
12.557409
18.276347
20.557609
13.882549
11.660270
17.440976
14.568849
10.333309
11.176083
13.163638
12.285608
17.378489
18.631146
12.906626
8.834430
14.274349
21.680391
14.961479
9.689671
14.346500
15.583671
12.889398
15.802001
11.855674
18.770612
18.709538
20.710775
16.406492
19.041900
12.310604
13.916159
16.889174
9.979263
14.551506
14.426496
13.143611
11.433244
19.120979
14.620548
19.512796
16.319554
12.277778
14.362868
22.610028
16.327122
14.940954
12.993224
14.785648
11.475225
20.614979
11.713612
15.858509
24.733349
12.830141
13.325986
13.325799
16.081264
12.287684
16.912642
14.739116
8.203752
14.224266
15.464247
19.078661
11.683271
14.507638
16.802712
13.858135
13.576321
13.742930
15.023844
13.558907
12.121240
18.199218
18.304291
19.201845
12.228897
14.109579
14.269138
12.994007
19.597647
18.477387
19.758677
16.484397
18.513270
16.636619
13.603926
14.450325
9.887516
12.644053
13.345350
14.672635
17.386159
14.895469
16.477533
10.123305
9.627840
13.389037
15.904375
7.482256
13.390344
18.513749
14.474823
13.326979
25.082093
6.223297
16.875989
19.129266
18.685470
15.239544
14.247778
13.623583
12.997416
11.795730
13.479320
13.294945
12.021883
13.685017
15.488586
18.147520
17.545743
16.354416
12.186230
20.223753
10.771041
15.258971
15.239776
13.066862
13.662552
14.551616
17.785208
14.130392
12.798037
20.526823
19.211343
17.631689
13.180164
12.458938
16.394264
12.933333
13.096654
15.717717
18.229184
11.415726
18.358570
16.343966
19.163634
14.230864
10.383412
15.923471
12.623791
18.800588
19.758423
12.955084
14.647988
15.155260
11.868367
14.714551
17.359453
12.522896
11.568318
17.855977
18.172256
12.805146
15.363189
13.907673
17.957092
11.856633
10.562572
15.697587
9.986440
15.380138
12.987377
15.685354
13.150112
12.403849
13.856154
13.038343
11.649685
15.488627
15.952137
11.682413
16.335005
7.611158
14.175407
16.152720
12.194273
10.594582
13.264535
19.463463
14.274448
19.684921
12.979638
18.789760
23.235322
12.254310
16.404850
18.455388
17.443902
14.456387
12.446361
20.089748
19.055975
14.790545
14.883698
17.396100
12.896433
13.974740
18.947014
14.473760
20.458036
15.659457
17.079636
11.066218
16.635790
19.278971
10.436579
10.605788
14.803971
17.075408
18.904274
13.816792
15.759341
11.166962
11.128331
13.038527
15.115127
10.320949
16.590972
14.815137
14.339461
14.272037
18.877784
11.841490
21.805799
13.133798
14.174193
13.429086
12.452354
15.201427
20.810740
20.556346
14.829130
7.765675
12.033794
11.738184
13.530192
16.987663
16.821527
13.094263
11.318137
12.380223
11.225798
18.494812
14.332347
15.561168
20.300710
17.097262
20.095842
17.017503
21.800935
5.229606
21.159221
14.117002
19.390061
16.071139
15.857042
15.741184
13.290668
13.988856
13.530397
20.010125
12.458024
16.135801
13.417771
8.979235
8.560590
15.895713
10.310586
12.367373
15.390084
15.775732
17.339951
13.555179
17.131985
15.529981
16.461018
12.118838
14.886525
15.816204
27.131014
17.750262
15.615127
15.276762
21.346755
14.102602
18.672062
17.135731
19.683713
14.451993
18.633177
12.013502
12.306239
11.612347
11.695626
11.460265
16.189223
16.282957
19.037425
9.416553
19.447466
10.128008
11.246444
19.511019
16.354141
19.469730
13.959661
12.495474
20.433899
10.355134
8.862295
16.871376
15.824093
13.524817
12.461118
12.918428
16.396079
12.642532
10.447785
15.174341
14.807495
24.071276
10.315372
17.979108
14.669283
9.187982
15.550389
18.391683
13.072621
17.342244
16.546412
11.935226
12.215230
17.934779
15.302948
17.786994
20.143405
18.724387
14.950418
18.073977
13.355276
17.377966
9.464342
14.493599
12.298553
11.227806
15.341614
21.956377
18.117754
19.560124
16.618596
8.566156
12.672188
20.625767
11.184675
20.391727
12.738833
14.798888
12.141777
21.236133
13.248693
14.443178
15.600886
11.762822
12.750955
9.916548
14.823752
20.671933
15.606332
9.773154
13.068287
13.309405
20.767155
16.514792
18.000884
15.293236
16.026478
17.706233
18.831704
13.647805
13.360926
11.976743
12.730239
18.093435
13.725195
13.612714
5.595481
15.233356
15.836940
17.427031
15.566352
17.063023
13.298912
14.148314
11.264599
13.403954
19.893097
21.277532
6.485367
16.082795
17.014742
17.127010
14.661962
18.233892
15.079451
17.422216
18.754284
13.960870
16.080672
14.771283
12.240045
13.180423
16.361557
15.613992
21.048472
12.201732
15.647317
18.074069
11.494030
14.559510
17.494348
15.478324
6.900914
13.218895
11.397895
15.630230
13.583997
15.486746
14.371235
17.654284
22.914399
16.135479
11.439856
16.459365
13.471464
14.111591
19.419672
17.024221
13.567669
16.838064
19.973614
11.590309
18.253909
14.196019
19.736506
14.782603
10.804460
14.924432
14.682832
14.427430
21.021040
11.829321
18.695196
18.208359
12.944410
16.277833
17.024797
15.847935
11.465628
15.463526
14.566879
15.248162
13.466854
17.570060
17.042586
17.497937
21.192047
14.277055
13.394879
14.969870
13.759411
20.479853
18.609751
20.257554
13.007511
16.442023
15.038230
15.586472
14.373790
12.381800
16.225973
7.821377
16.417270
16.564797
14.364455
11.819509
14.140727
15.440094
24.140352
15.995456
13.907659
13.607819
12.378040
13.706033
13.342280
11.824505
15.351041
14.057320
12.964549
16.360702
9.617073
15.234238
16.677926
13.588247
18.000485
13.161970
15.800643
12.596032
15.242938
15.329718
15.115216
13.125167
10.106820
21.435240
13.644173
20.125851
9.664667
15.140890
19.263661
15.126771
10.614856
12.024525
16.452673
16.224893
11.285897
12.332343
13.688364
15.389793
20.727237
22.325427
10.785931
19.315409
10.927055
13.118899
14.542203
11.953065
13.541715
11.040116
17.465740
19.380917
14.650817
13.569310
11.884677
14.470279
10.872618
13.919303
10.562851
11.558051
13.899309
10.327338
14.608021
12.352015
8.204326
15.845217
13.589720
13.811331
17.184688
15.128332
15.374570
12.475874
14.865830
12.276258
13.411179
17.181147
9.406172
16.597839
19.716398
14.053344
17.957114
17.974278
10.858041
14.279727
16.430168
12.850130
13.924859
21.535554
17.937050
14.404873
12.113567
16.982367
16.720466
11.744125
14.585131
19.206402
13.961881
13.919492
13.663383
17.425302
17.997468
19.889937
13.818256
11.422065
14.237760
14.805160
15.572424
14.494329
7.896643
11.575480
19.523258
18.848580
9.967990
16.447743
17.278390
16.488032
10.393713
17.802529
19.425764
6.628889
13.406006
16.900235
17.327764
20.468871
18.148185
12.635403
20.091316
12.800496
17.708096
22.997315
11.091260
13.459895
16.542623
15.430189
10.274031
6.345875
12.834055
11.952274
14.915909
17.577662
15.511557
12.664082
9.057248
14.018589
13.919292
17.409425
12.402674
12.880202
19.087898
13.372828
16.565221
12.526535
23.363909
14.922394
13.513591
16.099600
16.558512
15.079816
10.567243
11.193014
15.181146
13.319934
18.154244
10.111767
12.752243
17.766421
13.210059
18.429241
16.364725
15.775306
16.875265
15.570770
11.485770
12.078748
13.354543
18.128818
13.341548
18.944040
13.813882
10.312408
20.983772
11.554475
16.074801
8.161518
15.402918
12.618565
11.000982
14.185194
13.383775
15.268297
13.010979
14.786073
13.713044
18.152679
22.877305
19.546088
15.205873
14.810722
17.084531
19.077806
15.618822
15.992333
13.395010
14.865340
10.758045
20.847645
8.716820
19.303023
19.853525
9.960012
15.432771
14.199609
17.381648
12.618068
20.533839
11.570629
18.442433
9.685431
15.171941
12.248285
20.790099
14.056202
14.066752
20.568838
16.842114
21.363282
12.025872
14.911350
16.272797
14.118241
19.104141
16.284949
11.268865
14.062667
14.694270
12.745487
15.435524
10.075364
9.424547
16.574512
12.756743
15.970178
13.765333
13.849915
19.477186
12.205186
13.875634
15.295032
12.776646
13.084881
16.097721
15.192054
13.957002
18.885472
17.662164
19.240109
11.325715
12.962984
16.801434
19.033110
17.461247
9.302553
16.506603
14.761331
11.912660
15.811372
13.896690
6.927234
15.584563
13.961117
17.672102
16.873807
11.291064
5.758021
24.011452
12.277936
13.674963
13.090258
19.102939
13.806431
15.928915
11.895611
13.524643
12.402362
16.007346
17.803475
17.924090
12.898647
16.219843
14.513505
18.745778
15.190516
14.299307
19.892169
13.928538
18.644710
17.030425
8.826564
14.688549
16.645581
9.130884
16.380480
13.895589
13.172737
17.048939
14.746330
12.617487
17.970501
12.620999
16.094134
16.915782
14.659479
13.782822
15.300133
18.695406
11.287081
10.472221
7.913792
16.337898
21.333743
19.018932
15.494787
15.415017
9.435090
15.664732
13.100261
17.376640
20.263463
23.049778
15.216398
14.774374
15.942634
12.396916
16.489168
10.823155
20.498094
17.303640
13.253685
17.558423
14.183548
20.819556
7.978518
16.105350
15.573472
23.394916
19.211437
14.026068
13.762927
11.788209
18.934133
14.638549
18.317387
16.245502
16.527080
8.978302
9.235132
15.812618
13.239559
15.777383
18.490247
19.087306
15.309187
14.927922
16.936209
12.887250
20.293724
15.493858
15.389743
21.038530
15.317000
21.910084
18.317567
16.377762
18.054922
15.082909
14.332010
17.338162
14.712227
13.452021
14.254267
9.079179
10.826862
16.789678
16.011280
12.596121
15.663515
14.339540
13.371540
13.968701
13.467013
20.116005
16.701219
10.653781
13.017257
13.199461
14.432621
8.386618
10.056679
19.047542
17.837408
11.753807
7.443739
14.037870
14.513878
20.124006
13.783698
15.663846
15.743128
15.599851
13.356339
20.721652
18.219691
17.810344
17.372595
13.701683
16.018189
14.745270
17.407369
20.261816
12.609643
16.150577
17.995011
15.483895
14.190351
14.471981
12.443562
14.619102
14.730732
15.040570
19.214059
12.394643
16.054446
16.195171
17.669689
17.787070
11.436120
19.181037
18.845088
13.809229
14.848825
21.935574
14.846580
20.825388
15.125283
11.911949
11.322563
18.369455
12.817183
16.177308
20.817032
15.202392
14.559852
13.226697
16.939272
15.169095
21.451559
12.374090
17.607085
23.120872
13.989806
7.666047
16.742910
20.073544
10.444295
15.888569
20.343790
12.952257
9.966133
11.645208
14.917349
8.422865
16.919134
13.704599
16.591160
14.021968
12.843479
11.319047
16.386871
9.541287
16.593470
18.141121
9.267374
17.934389
13.783800
15.653965
16.496528
10.303278
13.873470
16.665352
13.398558
17.104566
15.047265
15.288756
6.758582
15.163420
18.537945
14.140953
13.161979
18.912936
17.591499
16.624256
17.948093
16.304771
16.093974
25.542039
20.628450
14.490235
13.280509
17.583118
13.013947
14.429038
18.269340
14.431668
14.060016
11.396960
10.099677
14.941230
14.041822
20.100547
15.656446
14.747478
21.209451
12.476363
11.096785
10.842498
13.924740
13.983294
14.049976
19.817707
12.001669
6.476389
9.178909
12.752765
17.073065
21.065499
14.960317
18.962518
19.741400
13.958044
13.109698
17.106373
15.193521
19.492274
10.806068
15.254378
20.023638
17.085246
18.668173
11.415174
17.681712
12.795905
14.385253
15.745344
9.991114
11.646625
13.572465
19.939907
14.096762
16.706138
22.176247
21.088832
15.176935
16.111936
13.538969
10.699853
13.663798
18.225069
14.056413
16.986091
11.713724
15.431858
15.190039
17.759665
16.089152
17.961083
10.934595
11.243807
16.085873
10.533614
13.647990
20.207952
20.732678
17.248434
16.163504
19.944582
12.286614
17.089506
10.413881
19.623066
18.048830
17.180840
15.803136
9.047960
16.719375
19.694935
14.490306
15.144717
16.717894
15.096068
13.521465
18.629689
14.735480
15.868637
14.554681
9.741167
14.078993
11.396302
13.101772
14.389931
13.096494
14.704829
13.966128
8.754741
17.936037
13.252899
13.772642
21.022354
12.658768
15.999778
13.545476
6.078802
13.924678
19.067739
16.345157
18.423595
18.072507
13.900235
17.175116
14.343339
19.545456
13.538834
9.717230
13.160053
14.947180
20.268076
15.400143
16.296677
18.015840
14.020672
6.913438
16.239522
18.726116
18.245509
18.026711
16.395281
14.758780
17.101821
10.752532
11.844276
19.450170
17.934759
15.662715
17.701831
12.786220
13.161065
14.944475
14.719454
21.496299
13.262355
17.952287
14.905949
17.796160
14.483471
10.577318
14.658397
16.642266
14.989951
12.973664
16.506585
11.930612
14.807488
12.516775
15.871050
17.360524
19.318868
15.438937
16.665161
20.690613
20.719309
5.303094
13.878649
17.448844
16.881904
12.190404
15.419374
15.837535
11.469539
16.913271
7.946428
12.791788
10.623670
13.198094
15.787636
11.901145
10.432355
13.170508
13.781385
16.934734
12.059359
11.831195
15.356302
20.894418
19.955594
13.057630
12.506392
12.014114
11.253705
13.096003
17.219523
19.201948
10.200520
16.945676
20.179512
12.435819
16.978763
12.744820
11.130202
15.974688
13.828519
7.588727
16.374732
16.560652
15.765438
19.278060
18.368336
9.489062
14.857007
16.072810
16.439285
17.548299
15.552595
13.975879
11.681346
18.250334
13.759018
21.869500
17.572002
19.620184
15.020357
9.471748
10.457396
13.389618
12.851848
12.661748
18.886862
15.589456
18.639656
19.396566
16.250080
13.546354
15.377116
20.687268
21.672886
16.704726
14.818567
14.005422
15.679336
14.239855
13.688179
20.484081
12.549778
16.102295
8.977046
17.252136
12.423368
12.316815
15.991577
14.082983
10.167026
13.938189
13.444444
20.855694
15.846255
15.743522
11.999970
12.125536
16.647274
15.582437
15.307405
12.190670
11.944060
13.225772
18.661130
15.552789
11.920700
13.606877
9.533943
16.267837
14.227747
20.062695
11.803481
17.789020
12.405667
20.117500
12.730677
19.893874
19.699556
16.558791
17.138639
10.314459
17.917561
13.672070
12.339753
15.028350
15.055158
19.854691
12.734484
17.289116
15.658294
17.656907
13.095500
19.674841
13.247464
9.159261
15.489834
14.112802
15.307731
13.464975
12.310576
16.280178
8.933923
7.755398
15.434846
16.955646
22.063020
16.483960
14.860265
13.227071
9.975304
10.724290
14.897416
14.503781
15.841195
14.119764
15.232983
15.817691
11.976003
12.411813
12.414708
18.258109
12.299532
20.870697
14.507668
10.960422
12.352674
14.172549
15.274844
14.284823
11.389630
23.456287
12.418339
15.201057
13.297080
15.793966
16.886491
18.017877
13.939448
14.365404
18.553936
15.085971
19.092619
18.093932
22.616670
16.747000
13.687786
9.644956
13.723981
11.767552
16.015481
17.182965
16.295931
19.169596
14.023937
14.212139
14.451859
9.251559
12.342876
8.704413
15.912877
12.662475
18.540662
13.366187
17.382532
7.082724
16.899230
16.415868
14.347086
10.148125
19.261770
12.783429
13.666785
21.007106
13.977573
11.528437
12.035635
14.180758
16.923623
15.989937
11.463462
15.557938
8.490635
14.672696
14.968147
13.756068
21.102986
14.890672
17.031987
12.583878
19.362883
11.032976
12.745293
17.009426
11.173706
11.735642
13.404001
15.699137
15.471463
12.368366
10.413082
14.227336
19.644265
10.610080
10.473041
13.316281
21.956894
15.260442
17.155807
17.626618
19.309054
13.836193
13.656295
13.299217
13.697916
16.954817
14.742299
15.930974
17.080045
14.423551
11.241175
12.126854
21.214757
18.977032
14.538591
15.211110
11.243126
13.640008
14.063366
21.043525
7.134901
12.369463
12.806798
12.576467
15.499011
13.796281
20.474882
9.665581
17.593707
14.329007
13.903016
14.013449
8.051035
18.613383
12.767432
14.411689
17.749677
18.691901
19.110563
13.317684
15.621554
11.416910
14.896366
11.794145
13.995154
12.679696
11.586246
15.021423
15.464192
13.629512
18.269439
17.575860
14.366413
14.668608
17.543623
10.398840
15.475495
15.360553
19.518233
13.388574
16.310325
13.061566
19.374426
11.747296
12.127311
18.324505
22.151826
14.505107
12.358252
13.138714
15.390216
9.524570
12.482819
14.954984
13.701845
15.643607
13.111234
15.211579
8.241421
14.858980
10.281620
21.451239
17.031441
16.042369
15.181530
11.234993
16.821020
11.946317
22.338193
15.851330
13.071407
16.082599
9.628677
9.295086
16.860702
16.749288
15.697941
17.954213
16.441581
11.269627
14.255109
19.324630
17.157238
17.683292
18.700674
11.654736
22.155844
11.044523
13.524496
13.046534
13.322088
10.888629
13.810633
17.332691
14.615097
11.541217
19.689273
14.350286
9.239134
15.517147
12.964026
16.245205
12.425819
18.045265
16.849785
18.271957
13.163391
8.846461
15.622881
14.204344
8.540634
12.509334
14.131383
12.326226
15.428837
12.989483
15.308205
15.044703
14.097896
14.019724
16.555635
20.126409
10.276875
13.414189
12.831543
15.875642
20.350972
16.457494
12.295142
14.309710
16.963024
18.304695
13.332221
18.809957
18.126461
14.957976
13.713871
19.951827
10.494127
17.601227
10.350804
20.498817
9.969936
15.797668
14.242796
18.285310
20.870456
10.727329
9.537639
11.267543
16.343732
20.563614
15.264329
18.245126
14.798207
16.463811
13.489999
14.047092
20.377537
11.081565
7.118660
14.113264
13.932557
13.948506
11.243688
14.855581
16.463199
15.746650
15.262726
21.965912
13.595946
7.488119
15.886768
24.334843
8.327873
11.328150
12.573119
10.922297
13.868554
6.807174
19.474496
13.835364
14.662877
17.841386
11.808076
12.544250
22.356261
16.307107
14.462466
17.680770
11.820724
10.169121
12.859712
11.853213
11.600389
13.889664
13.429937
16.401873
19.261995
17.366304
15.736145
8.309880
15.131279
12.651931
16.367361
13.182154
10.136843
19.234230
10.919859
19.255181
16.461747
13.513557
16.930101
9.082009
17.043121
13.902755
15.707557
19.370044
17.179413
12.681498
9.430390
18.329228
14.627355
14.574287
14.906870
13.381377
11.559844
18.637417
15.873321
19.356382
14.601340
21.349350
13.971800
14.631921
10.013475
14.540777
15.510778
21.382870
14.666143
14.977832
16.544962
15.856285
13.250430
20.726713
13.704993
7.284977
14.036404
19.328979
11.586240
12.329903
17.606883
18.632603
17.120965
21.698642
17.055707
15.669157
16.471869
16.464976
14.169368
16.531844
20.525740
15.055383
17.066155
14.239138
11.917006
8.395460
18.430478
20.518519
16.547031
20.280396
13.883941
11.643643
8.723767
19.210538
14.825183
14.638222
14.001735
16.895508
16.553857
14.297774
15.455120
3.283583
13.780208
14.335612
15.714840
13.377459
18.152539
11.386327
18.950478
15.218052
13.331413
12.674977
14.541904
14.009916
13.210519
13.572729
15.137548
11.344795
15.956161
18.873554
16.625030
11.789745
20.748078
10.919828
16.611749
20.326859
14.213364
10.998885
12.531280
16.248657
18.158550
9.404352
9.655054
13.683604
15.113160
16.895807
17.106949
15.745981
10.529130
14.526169
17.194008
14.474374
19.909807
17.410738
19.078008
11.425499
15.642146
16.143694
16.124787
12.092129
16.378543
9.927608
17.823513
12.887399
13.360779
11.539949
15.156849
12.020050
13.908508
17.733474
18.396127
15.123912
14.640885
13.770160
9.760154
12.668958
13.464964
13.196589
14.995727
16.115997
13.801027
15.412805
17.979234
20.390019
11.090533
18.244588
19.240889
18.851372
14.690174
20.089145
19.546719
11.809489
16.638890
15.798241
13.086605
14.571867
11.035260
17.232811
15.812372
13.073021
17.112931
9.556361
19.633481
15.495294
14.563249
11.784503
16.982667
20.033280
17.244877
16.789290
14.503329
12.470241
15.262799
10.827827
12.497214
16.139132
22.032245
17.469343
12.804280
13.491779
13.400200
14.939181
14.046711
13.628386
13.404436
18.564194
13.938678
13.085822
11.718880
12.023921
16.400410
17.127361
15.383927
16.590004
16.798316
13.884777
15.991953
18.310054
21.306206
14.070187
20.404856
19.515914
16.803302
10.471734
14.331623
15.012312
21.930328
15.868014
9.724591
10.815938
15.163442
18.012556
14.002941
18.711167
16.190603
22.307471
16.696043
19.346715
15.926503
15.368667
10.309692
16.255234
16.923729
15.847894
18.629684
13.648872
18.362096
16.316923
14.996350
16.289588
19.574201
19.755889
15.303221
15.049072
20.972033
8.275803
13.867771
9.224853
11.975573
12.980685
15.402142
12.525763
12.478703
10.336378
18.341231
13.492162
14.004751
16.063130
17.525761
15.798332
17.242798
13.582289
13.726815
15.693328
11.794413
22.305205
17.556526
15.454341
17.537721
19.068842
16.745423
14.683459
14.700173
12.656934
13.662010
17.217661
13.980439
16.135968
7.761870
17.413708
13.539716
3.593084
14.261687
20.462329
13.472338
14.816715
9.062727
19.764904
9.961113
17.293375
18.714359
13.214310
19.178252
11.219332
18.342926
18.342039
9.840886
18.478716
14.390010
12.655795
23.901476
8.707954
14.489997
9.968384
15.874259
12.465807
16.896801
13.811176
15.509820
11.118016
16.741883
12.889342
16.704156
16.216069
16.647449
15.228229
16.017342
14.929796
10.921188
13.942560
16.163476
15.697747
14.803292
15.180596
9.953207
14.383765
15.388026
19.287775
11.684025
13.848183
13.590747
15.515121
17.160435
19.650116
16.480603
14.666589
14.762309
12.054807
15.202959
13.288528
14.808188
12.499073
19.537562
14.506329
19.832333
18.886123
16.738168
21.439122
13.106849
13.076014
15.064684
13.418572
12.501634
16.555828
15.566856
23.952818
20.599455
11.132328
11.840990
14.697532
3.075160
10.300941
13.818085
17.548220
15.832002
19.521619
11.038606
12.756485
12.278706
13.831034
17.504275
15.894580
11.937460
11.400697
18.082900
19.648337
16.670672
12.129537
15.490777
15.239277
10.748564
16.534034
14.997024
14.675303
16.868336
18.454991
13.132108
12.012712
18.197169
18.143561
11.617467
17.764315
14.673721
11.744610
15.172422
15.231249
9.090794
12.007776
16.119653
14.714853
12.143991
16.120956
12.451629
16.955798
23.664366
18.180975
12.679483
13.193384
9.352254
18.529062
15.909547
13.277285
19.014431
9.846522
16.961425
16.146529
11.370701
13.348690
21.498949
13.385551
12.353780
12.293255
17.087233
19.224227
15.307832
17.049524
16.537752
14.669262
15.856683
10.204097
13.098152
15.859234
21.059910
18.371521
16.052444
19.384004
13.713269
10.333051
19.876488
21.849628
10.535519
15.078416
16.590037
16.603576
15.281617
13.998162
13.868321
18.545020
15.701137
21.971616
16.325246
19.195703
9.073513
14.844408
16.486066
13.272089
18.230807
11.138624
11.047246
11.905248
19.886035
11.991618
15.957959
11.887318
14.025915
15.950391
10.254503
18.259901
12.154949
10.100125
14.557128
15.500079
16.160491
6.252228
14.256562
14.833136
14.527450
18.678566
13.910593
16.038255
17.580180
12.022187
20.504064
12.829272
11.237482
17.505606
10.305387
13.095514
10.258516
16.698772
12.792324
21.592897
18.084891
11.645463
15.711185
11.364599
14.034032
11.392434
11.767352
12.809767
14.018907
14.271505
14.263679
11.148362
13.038518
14.471765
13.384185
9.624638
13.146518
14.287255
10.578005
18.961548
16.976638
10.808829
10.595553
11.917671
18.049103
19.544374
9.550973
12.857731
13.148904
12.462842
12.097396
21.891290
16.565290
12.392232
12.061310
13.159877
15.421734
13.425488
14.882378
19.328351
15.497856
17.547455
6.636701
17.413612
17.792872
9.875967
17.356833
21.459461
12.106322
17.388497
10.706563
14.163433
13.883894
22.961840
17.352220
13.813061
13.529149
17.509195
12.133379
14.693059
15.215306
11.977943
9.333048
18.866134
11.427182
16.033963
13.175978
15.925788
17.967803
10.400883
11.050674
13.835189
21.181652
12.863915
16.358835
17.052311
12.020703
13.793090
18.626534
16.795103
17.676198
10.641852
13.680818
15.188994
10.523438
7.824382
19.280370
19.600939
13.537535
11.075239
9.382894
16.660806
14.249636
18.095124
15.932290
21.415755
12.911455
13.869635
14.734335
14.104466
15.382855
18.910518
14.389758
18.988841
12.247876
16.042581
11.719697
18.160269
17.875233
21.110548
15.069481
11.792642
9.068119
13.267105
13.977397
10.575748
11.983390
10.144777
16.305422
17.463137
15.526788
15.125352
16.676840
11.851285
21.914068
17.089853
16.860728
15.142516
14.329456
17.253396
13.879056
17.425115
14.031083
17.674936
15.383510
15.627959
17.040127
16.798734
10.112417
12.381588
13.472846
16.594894
12.073336
14.424391
15.903596
15.914935
13.382260
17.265690
17.395184
13.760344
12.357551
16.174478
9.009744
16.101293
16.491368
15.756100
19.681587
15.732787
13.559868
7.775407
16.890154
19.173930
13.514058
10.918262
18.731941
17.237373
19.421649
14.867528
19.757303
17.449669
14.068821
18.589041
13.668662
18.416604
11.494376
16.078679
14.587938
13.418066
13.283414
12.900919
13.615005
11.672699
19.642054
15.806479
16.816075
11.142142
15.609850
12.721687
17.485998
15.820843
16.809292
18.935024
15.846306
12.442982
7.217152
15.648244
10.832168
18.429163
18.104236
16.229721
10.311202
10.995014
18.614501
16.081687
16.163954
19.807671
10.432764
13.727170
15.639222
17.514759
20.724308
17.527539
11.944732
17.974063
21.273407
9.070532
10.102120
11.774515
13.183810
20.923850
11.961497
14.823652
20.197815
13.280454
12.695089
15.037107
24.212313
14.408544
19.347666
18.460654
17.025353
14.794909
14.534583
13.805224
16.218063
18.248431
22.831107
13.683906
19.118134
13.865794
12.438754
16.466852
11.396318
16.853858
12.949876
22.219251
14.072512
9.335695
14.801494
13.965044
14.633991
15.616614
17.524868
16.405768
14.785078
9.644679
10.136611
22.216470
18.704409
15.414619
13.591083
21.560250
12.747675
9.880518
17.754337
12.358038
15.254620
14.366532
17.548868
11.958188
15.022132
16.017915
6.992233
14.650177
13.005018
15.249824
15.221953
20.100483
17.722201
10.167780
13.489735
10.770533
18.577734
17.076457
14.679275
17.628977
14.318047
14.106179
8.487706
8.594326
11.330527
19.673226
14.271310
11.560149
10.919151
14.443970
16.640702
18.411580
18.706875
15.717542
15.484004
20.039917
12.242320
15.259956
11.739279
18.257283
15.738248
15.694324
16.820724
11.954895
15.022718
12.119643
14.092274
16.133459
14.081944
9.788753
16.217053
15.353538
21.455581
12.530041
12.506709
17.646901
11.096092
16.264096
17.072084
15.227520
9.654844
12.253522
15.725236
10.127752
20.896247
13.665282
9.985536
17.092222
8.942208
16.981470
17.082664
16.747014
13.872952
19.160315
14.389075
14.439745
11.248535
14.366701
15.093954
12.410423
18.818150
12.113831
11.910237
12.426315
16.245616
12.302021
10.133605
18.598153
17.827578
13.967248
14.123180
11.365403
15.355947
11.191754
16.848452
10.665826
13.739605
18.065784
14.275700
12.393578
20.411357
16.733802
13.793246
16.183108
11.709459
16.458046
14.033697
11.972913
17.869336
16.182318
18.800838
15.673326
16.619387
10.832268
21.703365
13.436810
12.179512
15.981959
16.346406
14.494619
20.159713
13.761958
18.715441
19.642764
17.932954
15.573960
9.727056
16.543713
13.800781
18.720829
12.030704
15.473116
16.755914
12.945408
20.342176
18.421802
14.256043
16.477194
16.087667
13.524969
15.384181
12.209472
16.501369
19.644515
14.545579
13.071727
15.523168
13.793684
13.758877
19.933325
12.547891
15.439376
17.887059
18.327462
11.917568
10.663294
13.011410
16.826418
14.407687
14.634620
12.783522
17.838440
16.870092
14.678765
14.910733
7.477848
14.615492
18.548718
14.702848
12.765675
11.498341
18.403994
12.906324
14.595555
18.717078
14.814171
10.876776
13.633423
14.811374
14.091848
12.103141
17.712796
15.361280
13.963154
16.575258
18.420925
14.469379
20.210063
16.967626
12.824914
14.784638
12.169446
16.022521
13.284352
18.459913
13.182976
16.961720
10.791918
14.607608
17.302576
14.613326
16.504301
16.393952
13.409844
12.801133
14.056162
14.614631
20.736479
17.834528
13.764616
13.903354
17.244004
13.839692
11.737933
13.833508
14.120668
11.840725
11.243731
19.123887
9.389771
13.470946
18.436684
9.584940
18.219473
8.496404
19.757432
15.447322
11.040408
17.474619
13.944047
11.264507
17.910156
17.713405
22.809335
16.868373
17.135316
16.458278
14.363847
9.183245
17.543838
16.980230
18.391662
18.803994
12.460854
16.232288
12.794625
13.909875
21.169058
16.176103
15.079549
10.763419
10.267013
14.152642
17.253404
18.351145
15.723904
15.482468
13.694077
19.764057
13.472100
20.787641
12.379409
12.535316
20.202026
18.006941
16.014805
13.561103
15.386302
12.048124
14.029077
9.623031
13.442330
14.303441
20.163195
17.392192
12.941360
18.080335
19.920165
10.542414
14.433145
15.351521
13.599817
13.567410
14.663750
10.583744
15.085092
17.338501
15.879211
18.648105
17.154420
9.681683
11.720176
14.865586
12.394321
11.347641
12.340344
18.946298
9.094587
15.123018
15.004203
13.892027
12.044364
13.621573
7.932448
20.019764
16.195094
15.843908
14.709256
20.363581
17.017882
9.625689
15.236301
12.094279
19.441836
11.566847
18.132516
12.949068
18.770061
11.737356
14.179500
19.442906
16.661689
14.376748
13.691092
10.234211
19.870775
10.606489
18.558605
15.563846
19.028028
12.552230
20.596744
13.862962
13.273616
10.977020
8.320037
14.518486
10.432287
15.700819
12.302612
14.117194
11.247677
20.143406
17.021610
11.685870
13.123630
10.962176
9.672975
14.003327
13.421709
14.574577
12.384955
13.442831
17.175374
9.266002
6.571445
16.937222
12.443756
14.237104
7.942279
19.213412
14.542185
15.984965
14.060460
18.410139
19.426085
13.501197
13.605536
15.625063
11.871214
12.014167
8.613253
7.952757
17.736614
15.361449
16.962336
13.063380
12.311942
15.050393
14.115371
15.828060
14.811499
14.417930
16.028773
15.599299
14.565755
16.735515
17.532058
14.144276
18.860548
12.262515
17.967179
16.796683
10.472758
13.670242
14.480079
15.125377
18.869980
12.742635
12.018584
13.661042
13.518955
18.608696
13.487737
10.319884
19.630001
17.898003
18.292695
17.296227
12.961639
12.615209
14.316588
17.921247
8.212479
13.065294
14.386048
19.758902
11.495385
15.814182
16.620090
8.321941
11.236101
19.992076
18.065615
21.520194
17.172106
16.216704
8.933141
16.288804
19.129659
10.645487
20.598694
15.915680
12.592555
12.416060
17.157557
15.938823
14.846698
17.770521
8.307940
11.367647
19.622750
17.170667
16.112777
8.922978
16.863470
13.809570
16.568706
16.968740
17.883566
16.726681
14.973667
10.772793
13.027059
14.661793
14.096301
15.671975
9.066484
15.583779
19.918879
11.704755
17.524426
17.912282
15.495906
17.319506
15.113009
11.253906
12.873553
13.448790
11.211831
18.170632
19.057552
12.942584
13.608636
13.634825
15.317184
15.533217
10.632176
19.997837
12.078884
12.454602
8.921074
15.898391
15.297135
19.850790
11.889488
16.037652
14.781715
13.073994
19.722562
12.615033
15.074746
15.289398
11.651502
10.722799
16.976102
12.599760
12.049144
13.277153
15.509168
15.114656
14.380472
9.757682
11.223250
11.179057
14.197893
14.480193
18.526476
18.814307
19.080754
14.431964
15.292365
12.930689
12.804871
21.388216
13.265026
17.447993
12.851292
14.841790
20.368509
11.524395
17.952995
12.006206
9.849123
22.031337
16.956128
14.246017
16.621835
12.252043
17.538074
14.644519
14.632172
12.178710
15.826256
14.690559
12.251771
10.158509
11.020299
18.344023
15.867977
14.431145
21.974828
14.097922
17.981385
20.216901
18.073146
12.417301
11.703516
9.021007
17.905349
8.398374
14.611879
10.621757
5.824245
10.751772
14.138051
16.078281
9.227863
18.015634
8.864257
11.171146
14.537209
16.388162
14.623765
19.893365
16.824077
14.016705
16.662138
11.259652
10.694712
11.993621
14.792454
22.369033
14.601731
19.926015
23.634979
14.495654
17.659234
14.711703
7.386363
13.553239
15.371069
15.340788
18.046860
16.249999
18.982104
16.503485
14.413284
13.925674
17.362146
9.819928
19.630138
17.099181
16.320074
14.179481
16.424810
15.124987
5.948873
17.328116
15.961955
16.697550
13.236927
19.120835
19.846868
16.750446
17.059310
22.016200
16.343139
11.885135
17.912473
13.768378
12.435051
19.791872
14.436553
10.792237
12.576000
17.044789
22.230290
17.822019
17.921372
11.395216
11.232530
15.158293
19.401111
12.886506
15.609854
13.312090
16.321777
21.081347
14.677862
17.796274
14.467245
14.920242
20.998761
13.859587
15.447476
12.674337
11.196494
9.697937
7.500928
8.149333
22.968105
13.658113
16.525111
17.057911
14.483419
21.055500
17.409094
15.347405
10.474092
13.011238
14.629572
14.400106
12.213644
16.583821
13.360461
14.431099
11.303247
15.935739
14.714972
10.353519
17.364936
12.755838
15.997980
19.257485
12.868292
14.677972
10.270268
13.435295
15.490714
16.399705
9.554803
14.079156
17.047903
5.450091
18.808484
12.112606
16.152357
14.735725
18.228750
13.822430
13.922297
14.267755
14.274154
20.986044
13.365468
15.920003
17.699419
14.367550
14.125278
16.415065
13.170494
18.289562
12.046080
15.660909
14.676146
15.206638
17.217417
14.518313
13.297157
8.419643
17.853071
19.024595
16.541472
13.267425
15.974667
14.365541
7.278559
9.168826
11.016533
18.137048
17.294630
18.200570
14.340142
14.722807
21.343103
11.054061
12.957529
17.048550
23.546597
12.706327
17.856770
15.484741
11.522305
13.090858
14.480661
24.085867
12.870770
12.392026
19.325480
15.068404
14.183891
5.944567
12.159934
11.001808
8.903440
16.593216
13.600696
11.539077
14.186573
15.080872
12.597008
16.701981
11.910464
17.010708
20.208341
15.002530
16.323731
16.554240
8.676023
8.356194
18.301777
18.879071
14.006596
12.801785
13.176164
10.385798
12.963725
12.963745
10.000923
16.543253
9.812463
12.663384
18.049501
11.049954
17.238263
15.863884
14.274688
17.060881
12.652967
15.239137
15.639630
13.061371
13.855689
12.900035
15.826300
11.668052
12.208575
16.932740
17.996893
18.880855
17.943767
14.593508
11.399598
13.204930
16.856790
12.282520
11.568797
13.966964
14.350509
13.719381
11.770228
13.413329
15.276482
20.648323
13.671091
19.790945
10.226079
18.589157
18.256320
18.233940
9.513453
18.868323
17.250481
17.140055
10.785011
16.238139
15.363810
16.940005
18.365395
16.825695
12.523629
14.563762
12.701859
9.648389
22.146630
15.220563
15.573018
15.656425
17.538770
12.708140
16.559230
18.291545
9.436559
12.156036
18.124239
14.442568
13.961756
13.982404
16.244925
11.913422
11.022372
20.968291
13.079921
21.835585
10.896503
19.943738
18.648490
15.467366
17.248776
16.119246
15.073106
13.924635
12.806603
17.360745
14.257548
11.815833
16.686355
12.182369
14.005689
19.096411
13.061549
16.385249
14.604120
16.584499
10.522274
13.214704
16.592329
9.390936
22.681021
16.770811
18.637623
13.738493
16.112674
8.683302
12.869593
13.744564
16.167231
15.620826
11.363127
11.985659
14.910233
13.051629
19.178358
8.200590
13.038584
15.018464
16.167149
12.318462
16.780571
12.704972
12.562523
12.665239
15.128104
17.192298
11.864226
16.049915
17.896513
12.412861
15.462169
14.378474
12.285574
12.500823
8.081162
18.752485
15.483030
19.815967
18.760298
18.093396
17.562544
17.437742
17.037307
15.174502
13.766319
10.070875
13.053961
18.370508
14.996765
13.856822
8.591257
13.851086
16.024998
13.583940
15.424990
16.208734
15.507787
13.976124
12.767661
12.822235
7.272033
17.372490
19.343517
9.670768
15.606650
8.563332
12.384655
15.410400
17.895716
11.677548
17.155276
20.601487
16.471924
17.735697
12.306143
18.040371
13.282414
15.298536
10.619495
14.524620
13.021466
13.344650
15.411554
17.800956
12.558082
18.910591
19.452470
11.328601
9.243818
13.419163
8.470518
11.533160
16.207072
20.762796
12.360363
18.318695
10.841837
14.502323
13.951532
12.146733
16.514966
15.428897
15.098666
17.407896
13.876177
16.926801
20.817377
18.142580
20.747706
8.679033
13.786564
3.785039
16.715188
11.764153
11.418108
17.946394
17.213123
14.228760
14.438041
19.147153
14.736588
17.621650
18.329517
9.180768
10.285866
17.471495
18.931494
13.550055
17.017666
18.157282
16.510303
8.318202
15.740513
8.910158
14.241433
14.711893
10.866967
16.631321
19.156955
9.277288
19.023429
18.620489
21.874510
13.104397
9.216992
18.234693
12.852284
18.839897
14.532854
17.875405
17.001572
19.473538
17.046695
19.901013
22.045840
17.109097
11.448913
14.532528
18.209772
10.085478
13.181680
12.060304
17.831414
13.360564
15.919602
11.460334
18.856071
13.888351
12.794529
10.832148
13.806441
13.836968
16.030772
8.103270
14.367828
16.293091
13.601393
15.889693
16.428371
18.117698
15.334260
12.233255
20.793970
18.046680
21.368104
12.894044
12.133632
16.196047
16.934935
16.041789
19.781429
20.054284
15.923669
16.238677
24.601881
20.267348
12.939833
8.622908
14.688145
16.225522
12.437663
17.971258
10.639338
16.150134
11.834877
8.839280
19.122344
16.478898
11.156524
12.956042
9.830957
19.068723
15.088546
20.240687
12.562669
18.497138
11.350686
10.798386
9.513147
19.629651
11.628349
19.059701
11.995763
20.012139
9.654838
9.830681
20.915693
16.638959
9.287965
9.437212
16.659383
15.960112
7.024335
13.728882
13.589125
10.627283
16.476493
15.622443
18.484631
15.222966
17.774287
15.641789
15.285299
18.069320
17.113702
16.042520
13.761466
21.267735
16.446636
10.015058
12.809490
16.538549
9.990831
12.681082
16.766439
11.958126
16.825553
19.018879
14.012962
14.797072
16.791326
8.912499
19.443309
12.266066
19.464517
13.640581
10.682399
14.378846
10.162142
16.060867
9.787709
14.248570
14.173999
19.419306
16.154991
19.037080
17.229116
20.501358
14.647607
15.771660
10.326756
14.758335
20.183572
12.465904
12.311525
18.067341
18.323546
11.619802
17.032633
17.112751
14.062471
20.307939
18.150770
16.706409
15.965809
11.265765
11.371491
15.048834
16.862240
16.196822
15.354497
16.197515
18.535117
15.419081
13.629260
14.097765
10.421874
17.713131
10.538034
15.680804
14.980082
18.006548
19.835328
15.777871
13.664234
14.274667
22.036074
15.286397
11.723627
8.254532
12.183644
14.241883
13.583907
13.813480
16.415227
22.250820
7.841790
18.908441
16.374982
15.322024
19.207405
17.233686
17.146298
16.761454
17.216651
15.793638
15.468614
18.957291
8.951954
9.670550
12.412313
18.341246
13.259011
8.910431
9.697310
12.699402
23.191886
13.111466
17.547718
17.994391
12.477124
14.390321
17.484546
15.266910
6.048875
16.087086
16.657318
13.230234
9.378461
18.949311
14.886798
14.296874
13.716997
14.452452
19.127630
18.051706
13.041620
14.889465
17.507330
17.610300
13.210524
6.484660
17.685946
12.057570
13.937867
14.644723
13.882890
16.596495
14.760643
11.402716
14.667241
17.971147
16.375051
16.144671
11.453162
13.498414
14.250432
11.253614
11.965620
18.837666
8.685649
16.626633
15.748577
12.228131
18.481081
19.819563
18.633579
14.216693
23.034597
18.087745
18.128303
18.694368
12.892292
13.238536
14.999370
12.875504
9.515668
19.702365
17.841339
13.357945
18.043247
19.054408
15.411555
17.599379
17.350965
10.443334
13.205029
17.476701
10.748045
15.167138
13.257172
17.616511
14.892937
14.922921
18.457128
16.689016
14.114151
16.698418
15.424004
16.044218
15.392978
16.942858
14.351206
16.487855
9.978404
19.803621
15.794245
9.907082
13.991917
11.379693
14.381451
13.779803
19.481568
13.564200
17.719677
14.955100
9.604433
15.387283
16.097968
17.180420
17.889269
12.621073
14.806020
17.404029
13.380141
17.073712
14.954341
17.269056
12.738757
13.695378
15.153158
20.095909
18.449613
14.467967
17.192468
14.366640
17.742735
11.684436
17.118168
10.022655
14.619559
12.370757
12.579266
18.558417
14.473231
13.675635
15.822655
17.782652
16.125158
15.040006
14.793917
9.409413
14.296603
14.962089
9.944381
12.195366
15.632960
15.407304
12.295199
13.236227
15.855929
16.531367
9.559286
18.542632
15.619709
7.346144
11.340724
11.326214
7.637407
9.928935
16.336983
14.940644
16.208498
23.085639
12.865274
13.950965
14.685764
13.635160
11.532039
15.563504
17.406696
20.836432
15.815289
13.505611
7.258339
16.645161
14.333310
15.865955
10.210810
18.463333
13.817012
8.290736
16.287838
12.370496
8.698675
16.975141
14.172119
11.606824
14.026046
15.979719
19.069680
14.724517
19.512601
17.002101
15.507291
17.930994
18.018687
14.922362
18.502668
14.075987
14.435880
18.445201
14.153451
18.552331
17.695973
11.676762
15.080591
12.648153
16.616158
17.759027
14.630352
13.942524
16.435873
17.714453
15.475832
19.276656
15.143210
17.347011
14.353501
10.359144
14.854891
11.641359
14.686739
18.295714
19.637829
15.740443
16.605261
16.944045
14.691471
20.502358
20.518549
18.549530
14.802335
15.615586
17.931000
13.086921
15.837244
20.719450
16.491058
14.709294
15.340867
16.137107
21.080954
11.757819
15.674992
12.833650
16.076632
18.384139
13.783099
14.989589
14.689605
10.611291
18.521610
15.462959
20.325883
16.688895
16.739482
12.407105
10.461275
15.325191
18.412916
12.964834
21.253751
19.813898
6.561813
17.014007
17.995160
12.720410
12.433141
14.981112
7.428970
14.572440
10.577670
13.120657
16.700156
18.781308
9.914770
15.299898
16.198674
14.801730
17.042582
11.382485
14.298175
16.943512
14.281904
13.998333
16.494335
12.379364
17.011253
14.848968
14.818546
16.366243
13.182723
9.087223
8.473905
17.177794
22.604104
11.199213
18.146908
18.767714
13.605916
16.055951
13.024654
10.708993
11.555566
14.348711
15.491480
14.888756
18.081726
11.618744
17.831035
19.073517
16.477938
14.151467
19.843539
18.291111
15.269259
16.795304
16.997959
15.957976
11.334920
19.541565
9.862487
13.051825
17.706264
12.122792
14.404037
7.452547
17.498796
13.511239
17.530727
11.771068
13.133249
14.809763
14.863391
11.402783
11.428902
14.123199
11.860965
18.795708
14.727392
13.480764
15.460060
18.017164
18.350151
13.857634
13.957400
20.984575
11.665064
14.559456
21.579664
15.431430
19.616419
16.045833
19.548244
12.510844
12.399895
18.365308
14.647432
18.755198
13.324821
12.680542
10.499778
16.005618
15.201783
9.365074
17.823464
12.590608
18.151567
16.650079
17.445526
9.154879
13.893187
14.407392
13.437972
14.433557
13.790700
14.235298
25.478430
11.925633
15.381400
18.214481
13.274509
11.097723
13.766324
13.921514
11.578174
15.668615
17.524460
13.862128
9.925338
7.239109
15.174504
15.580418
16.236440
16.668725
10.842919
18.305338
12.749823
14.511805
13.147921
13.729002
17.539902
10.804195
11.601916
12.901709
10.056949
17.079712
19.537158
9.117894
13.264332
14.340979
10.158998
20.695570
14.586978
8.514013
9.619280
12.231099
16.458680
9.977183
18.892942
14.737533
13.430533
18.061222
8.399734
12.355854
19.916699
13.872710
12.362084
19.385622
12.273612
18.691229
15.980146
16.724548
21.002317
6.256773
14.291305
18.361993
8.849301
12.479543
16.100021
19.158486
14.501208
20.984726
13.299120
10.379215
14.477934
11.749358
11.404581
11.572845
17.185475
15.931579
19.284325
22.158659
19.161690
14.534740
12.625290
14.359231
15.966947
15.906840
19.183127
19.852111
12.039719
10.715452
17.431642
10.601739
21.071432
14.811616
20.243477
14.368554
14.481444
9.515027
9.715927
11.147799
24.121108
12.549768
16.106477
18.129065
13.129519
16.253835
17.599124
14.162127
14.303370
18.348984
20.220569
14.393283
16.409996
10.243487
22.197310
21.955351
20.519915
14.109524
17.369479
19.029519
17.645468
11.926157
17.405170
13.846972
13.578314
13.083805
15.055934
10.671269
15.420887
9.624427
13.182157
13.718661
23.382664
9.482654
17.632735
11.757630
14.677574
9.548851
11.434059
6.814374
24.414761
16.736445
9.519551
15.285883
11.133851
15.621452
14.334251
18.547281
13.802430
13.641117
19.438915
18.765439
13.658945
13.561440
15.064152
18.486258
14.153813
18.490618
17.862732
17.952745
13.064497
17.138367
12.554466
7.573415
12.902295
15.153277
10.843458
15.189082
16.791620
15.522194
13.028743
8.560593
12.501880
12.903474
7.604818
19.113273
14.363566
15.343657
12.314487
17.089290
16.711044
16.155337
12.879126
15.309156
19.521217
13.017285
